0.447368421053,0.490909090909,0.532258064516,0.620689655172,0.471698113208,0.490196078431,0.489795918367,0.557692307692,0.609375,0.5,0.551724137931,0.571428571429,0.560975609756,0.529411764706,0.545454545455,0.487179487179,0.454545454545,0.666666666667,0.510638297872,0.567567567568,0.56,0.479166666667,0.542857142857,0.636363636364,0.581818181818,0.46511627907,0.647058823529,0.71875,0.56,0.509803921569,0.509433962264,0.46,0.441860465116,0.375,0.534482758621,0.470588235294,0.414634146341,0.52,0.424242424242,0.465517241379,0.415094339623,0.5,0.530612244898,0.354166666667,0.638888888889,0.446808510638,0.511627906977,0.295454545455,0.704545454545,0.682926829268,0.530612244898,0.475,0.535714285714,0.78431372549,0.558823529412,0.590163934426,0.490566037736,0.470588235294,0.54347826087,0.619047619048,0.595744680851,0.545454545455,0.510204081633,0.5,0.448979591837,0.444444444444,0.327272727273,0.408163265306,0.522727272727,0.510638297872,0.434782608696,0.488372093023,0.510638297872,0.432432432432,0.487804878049,0.625,0.609756097561,0.43137254902,0.423076923077,0.461538461538,0.473684210526,0.567567567568,0.560975609756,0.577777777778,0.62962962963,0.468085106383,0.463414634146,0.541666666667,0.488888888889,0.382352941176,0.553191489362,0.509803921569,0.547619047619,0.390243902439,0.436363636364,0.396825396825,0.593220338983,0.389830508475,0.46875,0.6,0.6,0.590909090909,0.508771929825,0.542857142857,0.636363636364,0.54,0.4,0.418181818182,0.436363636364,0.448275862069,0.634615384615,0.619047619048,0.54,0.441860465116,0.485714285714,0.5,0.490909090909,0.548387096774,0.540540540541,0.535714285714,0.451612903226,0.461538461538,0.526315789474,0.592592592593,0.5,0.465517241379,0.452380952381,0.411764705882,0.432432432432,0.634146341463,0.405405405405,0.54,0.487804878049,0.5,0.375,0.526315789474,0.547619047619,0.619047619048,0.590909090909,0.5,0.6,0.621621621622,0.588235294118,0.574074074074,0.613636363636,0.571428571429,0.595744680851,0.594594594595,0.38,0.551020408163,0.577777777778,0.5,0.512820512821,0.513513513514,0.477272727273,0.521739130435,0.487804878049,0.596153846154,0.574468085106,0.480769230769,0.547619047619,0.481481481481,0.552631578947,0.469387755102,0.392156862745,0.5,0.458333333333,0.461538461538,0.524390243902,0.5,0.428571428571,0.487179487179,0.47619047619,0.53488372093,0.581395348837,0.512195121951,0.425925925926,0.392857142857,0.428571428571,0.375,0.590909090909,0.484848484848,0.545454545455,0.521739130435,0.511627906977,0.451612903226,0.442307692308,0.436363636364,0.583333333333,0.5,0.487804878049,0.512820512821,0.44,0.571428571429,0.5,0.452830188679,0.571428571429,0.5,0.4,0.421052631579,0.422222222222,0.433962264151,0.466666666667,0.519230769231,0.403846153846,0.5,0.463414634146,0.538461538462,0.48,0.387755102041,0.463414634146,0.578947368421,0.428571428571,0.475,0.622222222222,0.6,0.634146341463,0.46875,0.5,0.56862745098,0.458333333333,0.469387755102,0.444444444444,0.446428571429,0.326086956522,0.536585365854,0.560975609756,0.416666666667,0.647058823529,0.605263157895,0.488372093023,0.475409836066,0.5,0.52380952381,0.625,0.609756097561,0.609756097561,0.508474576271,0.489795918367,0.513513513514,0.433333333333,0.52,0.519230769231,0.604166666667,0.574074074074,0.535714285714,0.5,0.450980392157,0.46511627907,0.404761904762,0.434782608696,0.454545454545,0.490909090909,0.536585365854,0.475,0.615384615385,0.5,0.545454545455,0.452380952381,0.68085106383,0.509803921569,0.358490566038,0.489361702128,0.606060606061,0.470588235294,0.547169811321,0.535714285714,0.472727272727,0.536585365854,0.434782608696,0.542372881356,0.563636363636,0.618181818182,0.613636363636,0.552631578947,0.596153846154,0.541666666667,0.421052631579,0.45652173913,0.510638297872,0.804347826087,0.85,1.0,1.0,1.0,1.0,1.0,1.0,1.0,1.0,1.0,1.0,1.0,1.0,0.7,0.473684210526,0.53125,0.551020408163,0.392156862745,0.388888888889,0.52,0.382978723404,0.457142857143,0.515625,0.533333333333,0.534482758621,0.466666666667,0.542857142857,0.617647058824,0.666666666667,0.581395348837,0.477272727273,0.469387755102,0.5,0.655172413793,0.458333333333,0.513513513514,0.571428571429,0.55,0.461538461538,0.475,0.611111111111,0.452380952381,0.627906976744,0.538461538462,0.5,0.564102564103,0.594594594595,0.473684210526,0.52,0.488372093023,0.444444444444,0.431818181818,0.543859649123,0.439024390244,0.408163265306,0.43137254902,0.53488372093,0.4,0.462962962963,0.537037037037,0.535714285714,0.511627906977,0.446808510638,0.595238095238,0.613636363636,0.571428571429,0.757575757576,0.583333333333,0.605263157895,0.488372093023,0.488888888889,0.386363636364,0.52,0.607843137255,0.5,0.541666666667,0.530612244898,0.608695652174,0.473684210526,0.510204081633,0.571428571429,0.530612244898,0.410256410256,0.489361702128,0.56862745098,0.487804878049,0.477272727273,0.40625,0.491525423729,0.477272727273,0.595238095238,0.56862745098,0.463414634146,0.489795918367,0.452830188679,0.423076923077,0.511111111111,0.53125,0.645161290323,0.441176470588,0.469387755102,0.69696969697,0.472727272727,0.559322033898,0.484375,0.530612244898,0.405405405405,0.484848484848,0.5,0.710526315789,0.609756097561,0.448717948718,0.5,0.589285714286,0.538461538462,0.535714285714,0.517857142857,0.45652173913,0.53488372093,0.588235294118,0.658536585366,0.58,0.520833333333,0.5,0.66,0.44776119403,0.468085106383,0.387755102041,0.491228070175,0.51724137931,0.416666666667,0.473684210526,0.512820512821,0.4,0.418604651163,0.416666666667,0.428571428571,0.490566037736,0.568181818182,0.488372093023,0.533333333333,0.378378378378,0.363636363636,0.468085106383,0.641509433962,0.518518518519,0.552631578947,0.607843137255,0.47619047619,0.454545454545,0.477272727273,0.568181818182,0.444444444444,0.47619047619,0.566037735849,0.547619047619,0.519230769231,0.315789473684,0.566666666667,0.590909090909,0.439024390244,0.574468085106,0.588235294118,0.425531914894,0.5,0.6,0.392156862745,0.488888888889,0.555555555556,0.314814814815,0.511627906977,0.390243902439,0.62,0.6875,0.516666666667,0.55,0.426470588235,0.473684210526,0.548387096774,0.490909090909,0.531914893617,0.525,0.533333333333,0.484848484848,0.5,0.414634146341,0.45,0.615384615385,0.516666666667,0.404761904762,0.448979591837,0.465517241379,0.463414634146,0.525,0.553191489362,0.578947368421,0.547619047619,0.472222222222,0.411764705882,0.54,0.490909090909,0.529411764706,0.581818181818,0.379310344828,0.407407407407,0.526315789474,0.52380952381,0.583333333333,0.47619047619,0.55,0.528301886792,0.46,0.518518518519,0.51724137931,0.431818181818,0.588235294118,0.622641509434,0.444444444444,0.422222222222,0.586956521739,0.574468085106,0.571428571429,0.452380952381,0.478260869565,0.538461538462,0.468085106383,0.411764705882,0.517857142857,0.507936507937,0.492753623188,0.530612244898,0.523076923077,0.459016393443,0.571428571429,0.5,0.509803921569,0.594594594595,0.48275862069,0.540540540541,0.605263157895,0.56862745098,0.409836065574,0.616666666667,0.47619047619,0.461538461538,0.474576271186,0.48275862069,0.475,0.459459459459,0.5,0.380952380952,0.621621621622,0.603448275862,0.62962962963,0.588235294118,0.456140350877,0.571428571429,0.446428571429,0.428571428571,0.531914893617,0.5,0.441176470588,0.490566037736,0.44262295082,0.614035087719,0.509090909091,0.595238095238,0.515151515152,0.378378378378,0.595744680851,0.555555555556,0.534482758621,0.511111111111,0.46,0.478260869565,0.577777777778,0.404761904762,0.608695652174,0.428571428571,0.433962264151,0.395348837209,0.4,0.6,0.606060606061,0.6,0.526315789474,0.454545454545,0.541666666667,0.547169811321,0.516129032258,0.538461538462,0.542372881356,0.467741935484,0.529411764706,0.5,0.448979591837,0.354838709677,0.533333333333,0.423076923077,0.545454545455,0.486486486486,0.552631578947,0.575,0.470588235294,0.5,0.461538461538,0.551020408163,0.604651162791,0.44,0.54,0.595744680851,0.44,0.568181818182,0.547619047619,0.604166666667,0.54347826087,0.56,0.488888888889,0.522727272727,0.48,0.481481481481,0.45,0.555555555556,0.415094339623,0.630434782609,0.491228070175,0.416666666667,0.388888888889,0.581395348837,0.472222222222,0.515151515152,0.441860465116,0.611111111111,0.533333333333,0.446808510638,0.5,0.464285714286,0.450980392157,0.450980392157,0.46,0.45652173913,0.409090909091,0.65306122449,0.488372093023,0.490909090909,0.396226415094,0.551020408163,0.589743589744,0.425,0.47619047619,0.535714285714,0.62962962963,0.456140350877,0.452380952381,0.457142857143,0.486486486486,0.441860465116,0.44,0.43137254902,0.452380952381,0.470588235294,0.53488372093,0.588235294118,0.542857142857,0.515151515152,0.592592592593,0.527777777778,0.542857142857,0.4,0.485714285714,0.631578947368,0.658536585366,0.6,0.520833333333,0.558139534884,0.511111111111,0.487804878049,0.481481481481,0.491228070175,0.528301886792,0.571428571429,0.555555555556,0.566666666667,0.575757575758,0.560975609756,0.553191489362,0.483870967742,0.380952380952,0.411764705882,0.4,0.439024390244,0.58064516129,0.588235294118,0.571428571429,0.551724137931,0.51724137931,0.447368421053,0.513513513514,0.509803921569,0.555555555556,0.555555555556,0.511111111111,0.4,0.452380952381,0.40625,0.540540540541,0.735294117647,0.709677419355,0.558823529412,0.621621621622,0.530612244898,0.513513513514,0.380952380952,0.413043478261,0.5,0.574468085106,0.542857142857,0.545454545455,0.589743589744,0.549019607843,0.658536585366,0.404761904762,0.56,0.521739130435,0.547619047619,0.435897435897,0.522727272727,0.530612244898,0.382978723404,0.396551724138,0.488372093023,0.529411764706,0.54347826087,0.484848484848,0.441860465116,0.45652173913,0.479166666667,0.354166666667,0.583333333333,0.5,0.604651162791,0.363636363636,0.34693877551,0.484375,0.594594594595,0.661016949153,0.439024390244,0.552631578947,0.480769230769,0.632653061224,0.583333333333,0.541666666667,0.511627906977,0.530612244898,0.459459459459,0.533333333333,0.551724137931,0.698113207547,0.466666666667,0.694444444444,0.589285714286,0.6,0.47619047619,0.5,0.470588235294,0.561403508772,0.58,0.542857142857,0.595238095238,0.566037735849,0.5,0.514285714286,0.54,0.404761904762,0.509090909091,0.475409836066,0.521739130435,0.588235294118,0.490566037736,0.46511627907,0.6,0.482142857143,0.5,0.591836734694,0.675675675676,0.54347826087,0.40625,0.444444444444,0.586206896552,0.483870967742,0.38,0.471698113208,0.530612244898,0.269230769231,0.325581395349,0.255813953488,0.409090909091,0.510638297872,0.510638297872,0.491228070175,1.0,0.764705882353,0.5,0.666666666667,0.487804878049,0.531914893617,0.545454545455,0.595744680851,0.529411764706,0.434782608696,0.5,0.425,0.555555555556,0.526315789474,0.491803278689,0.461538461538,0.574468085106,0.56862745098,0.508771929825,0.575,0.529411764706,0.448979591837,0.521739130435,0.380952380952,0.512195121951,0.372549019608,0.468085106383,0.45,0.448275862069,0.478260869565,0.5,0.422222222222,0.533333333333,0.531914893617,0.538461538462,0.5,0.459459459459,0.513513513514,0.422222222222,0.538461538462,0.509433962264,0.528301886792,0.666666666667,0.509433962264,0.485714285714,0.5,0.477272727273,0.558139534884,0.45652173913,0.363636363636,0.55,0.576923076923,0.45652173913,0.464285714286,0.604651162791,0.413043478261,0.63829787234,0.64,0.595238095238,0.466666666667,0.416666666667,0.446808510638,0.5,0.433333333333,0.607142857143,0.53488372093,0.558823529412,0.539682539683,0.488372093023,0.489795918367,0.547169811321,0.58,0.564102564103,0.352941176471,0.525,0.527777777778,0.553191489362,0.6,0.342105263158,0.543859649123,0.636363636364,0.466666666667,0.450980392157,0.465517241379,0.56862745098,0.552631578947,0.488888888889,0.511627906977,0.581395348837,0.452380952381,0.5625,0.510204081633,0.566666666667,0.581818181818,0.416666666667,0.413043478261,0.575,0.541666666667,0.444444444444,0.531914893617,0.52,0.612903225806,0.469387755102,0.482142857143,0.368421052632,0.58,0.512820512821,0.51724137931,0.422222222222,0.488888888889,0.617021276596,0.409090909091,0.575757575758,0.440677966102,0.603773584906,0.489361702128,0.452830188679,0.363636363636,0.468085106383,0.478260869565,0.372093023256,0.484848484848,0.682926829268,0.652173913043,0.585365853659,0.603773584906,0.482142857143,0.425531914894,0.634146341463,0.581395348837,0.585714285714,0.567164179104,0.464285714286,0.471698113208,0.31746031746,0.477272727273,0.47619047619,0.526315789474,0.471428571429,0.404255319149,0.603773584906,0.533333333333,0.6,0.409090909091,0.584905660377,0.6,0.568965517241,0.522727272727,0.577777777778,0.558139534884,0.480769230769,0.36,0.470588235294,0.659090909091,0.634615384615,0.63829787234,0.48,0.375,0.458333333333,0.578947368421,0.333333333333,0.470588235294,0.731707317073,0.510638297872,0.511627906977,0.447368421053,0.450980392157,0.545454545455,0.564102564103,0.409836065574,0.538461538462,0.379310344828,0.479166666667,0.490196078431,0.480769230769,0.52,0.509803921569,0.524590163934,0.488888888889,0.574074074074,0.5,0.535714285714,0.68085106383,0.617647058824,0.678571428571,0.394736842105,0.442307692308,0.588235294118,0.474576271186,0.48275862069,0.48,0.5,0.510204081633,0.372093023256,0.327868852459,0.673469387755,0.508771929825,0.518518518519,0.483333333333,0.5,0.68085106383,0.586956521739,0.365853658537,0.511627906977,0.423076923077,0.472222222222,0.58,0.56,0.435897435897,0.515151515152,0.470588235294,0.673913043478,0.583333333333,0.545454545455,0.471698113208,0.591836734694,0.454545454545,0.592592592593,0.571428571429,0.575757575758,0.537037037037,0.479166666667,0.46511627907,0.553191489362,0.47619047619,0.489361702128,0.480769230769,0.558139534884,0.591836734694,0.5,0.519230769231,0.314285714286,0.351351351351,0.538461538462,0.533333333333,0.488888888889,0.333333333333,0.52,0.469387755102,0.5,0.508474576271,0.311111111111,0.475,0.529411764706,0.489795918367,0.510638297872,0.5,0.45652173913,0.527777777778,0.568181818182,0.678571428571,0.454545454545,0.510204081633,0.458333333333,0.418604651163,0.530612244898,0.5,0.512820512821,0.535714285714,0.475409836066,0.450980392157,0.590909090909,0.407407407407,0.457142857143,0.416666666667,0.533333333333,0.457627118644,0.488888888889,0.583333333333,0.333333333333,0.413043478261,0.428571428571,0.486486486486,0.464285714286,0.576923076923,0.530612244898,0.461538461538,0.348837209302,0.525,0.571428571429,0.46511627907,0.438596491228,0.367346938776,0.531914893617,0.436363636364,0.490196078431,0.547619047619,0.58064516129,0.529411764706,0.48275862069,0.527272727273,0.486486486486,0.489361702128,0.483870967742,0.464285714286,0.557692307692,0.369565217391,0.678571428571,0.488372093023,0.512820512821,0.444444444444,0.54347826087,0.590909090909,0.518518518519,0.531914893617,0.47619047619,0.423076923077,0.559322033898,0.475,0.54347826087,0.354166666667,0.48,0.577777777778,0.484848484848,0.531914893617,0.638888888889,0.368421052632,0.514705882353,0.416666666667,0.462962962963,0.5,0.5,0.486111111111,0.511111111111,0.416666666667,0.447368421053,0.38,0.452380952381,0.617021276596,0.395348837209,0.454545454545,0.482142857143,0.575757575758,0.414634146341,0.6,0.611111111111,0.595238095238,0.439024390244,0.666666666667,0.421875,0.452380952381,0.490196078431,0.444444444444,0.647058823529,0.555555555556,0.5,0.575,0.586956521739,0.457627118644,0.479166666667,0.520833333333,0.571428571429,0.4375,0.461538461538,0.545454545455,0.490196078431,0.6,0.642857142857,0.6,0.481481481481,0.571428571429,0.571428571429,0.466666666667,0.565217391304,0.568965517241,0.559322033898,0.5,0.444444444444,0.515625,0.540983606557,0.423076923077,0.458333333333,0.416666666667,0.608695652174,0.340909090909,0.418181818182,0.574468085106,0.574468085106,0.422222222222,0.560975609756,0.518518518519,0.518518518519,0.532258064516,0.428571428571,0.475,0.488372093023,0.577777777778,0.511627906977,0.522727272727,0.357142857143,0.487179487179,0.410714285714,0.43137254902,0.34,0.489361702128,0.628571428571,0.567567567568,0.588235294118,0.563636363636,0.5,0.46875,0.53125,0.510638297872,0.482142857143,0.404255319149,0.365384615385,0.6,0.588235294118,0.648148148148,0.607843137255,0.611111111111,0.45,0.446808510638,0.72,0.875,0.2,0.5,0.6,0.553191489362,0.55,0.470588235294,0.490566037736,0.55737704918,0.478260869565,0.470588235294,0.553191489362,0.508771929825,0.529411764706,0.526315789474,0.508771929825,0.421052631579,0.491228070175,0.481481481481,0.52380952381,0.509090909091,0.526315789474,0.563636363636,0.512820512821,0.511111111111,0.536585365854,0.571428571429,0.625,0.487179487179,0.5,0.485714285714,0.485714285714,0.581818181818,0.491803278689,0.673076923077,0.489795918367,0.555555555556,0.462962962963,0.456140350877,0.479166666667,0.545454545455,0.4375,0.6,0.571428571429,0.396226415094,0.428571428571,0.425,0.425,0.555555555556,0.568181818182,0.5,0.538461538462,0.470588235294,0.523076923077,0.578125,0.592592592593,0.458333333333,0.295454545455,0.433333333333,0.418181818182,0.416666666667,0.5,0.46511627907,0.489795918367,0.558139534884,0.511627906977,0.573770491803,0.545454545455,0.510204081633,0.571428571429,0.490566037736,0.471698113208,0.418604651163,0.654545454545,0.357142857143,0.571428571429,0.320754716981,0.549019607843,0.652173913043,0.439024390244,0.439024390244,0.387096774194,0.541666666667,0.489795918367,0.434782608696,0.411764705882,0.47619047619,0.605263157895,0.454545454545,0.48,0.610169491525,0.509433962264,0.442307692308,0.607142857143,0.509433962264,0.454545454545,0.58,0.482142857143,0.431034482759,0.535714285714,0.510204081633,0.480769230769,0.48,0.5,0.563636363636,0.5,0.5,0.487179487179,0.6,0.423076923077,0.511111111111,0.5,0.55,0.407407407407,0.365853658537,0.5,0.525423728814,0.525423728814,0.5,0.418604651163,0.571428571429,0.448979591837,0.416666666667,0.518518518519,0.525423728814,0.5,0.5625,0.46511627907,0.583333333333,0.469387755102,0.490566037736,0.5,0.588235294118,0.543859649123,0.469387755102,0.596153846154,0.697674418605,0.422222222222,0.509803921569,0.47619047619,0.384615384615,0.47619047619,0.444444444444,0.516666666667,0.470588235294,0.459459459459,0.568181818182,0.537037037037,0.490909090909,0.566037735849,0.395833333333,0.428571428571,0.413793103448,0.516129032258,0.571428571429,0.470588235294,0.490196078431,0.571428571429,0.529411764706,0.529411764706,0.489361702128,0.666666666667,0.5,0.595744680851,0.511111111111,0.666666666667,0.595238095238,0.4375,0.6875,0.676470588235,0.521739130435,0.619047619048,0.395348837209,0.425,0.433962264151,0.63829787234,0.344827586207,0.591836734694,0.666666666667,0.441860465116,0.47619047619,0.441176470588,0.528301886792,0.563636363636,0.65306122449,0.461538461538,0.444444444444,0.510638297872,0.384615384615,0.302325581395,0.403846153846,0.553571428571,0.62,0.433333333333,0.432432432432,0.407407407407,0.62,0.439024390244,0.5,0.512195121951,0.409090909091,0.371428571429,0.553191489362,0.603773584906,0.595238095238,0.490566037736,0.482142857143,0.474576271186,0.555555555556,0.564516129032,0.514285714286,0.48275862069,0.51724137931,0.529411764706,0.673076923077,0.581818181818,0.5,0.6,0.625,0.611111111111,0.475,0.775,0.51724137931,0.484848484848,0.56862745098,0.469387755102,0.533333333333,0.512820512821,0.516129032258,0.581818181818,0.5,0.519230769231,0.54,0.65,0.666666666667,0.416666666667,0.406779661017,0.433962264151,0.571428571429,0.553571428571,0.526315789474,0.547169811321,0.509433962264,0.576271186441,0.40625,0.358974358974,0.393939393939,0.575,0.490566037736,0.488888888889,0.396226415094,0.491525423729,0.44262295082,0.5,0.421052631579,0.352941176471,0.454545454545,0.442307692308,0.52380952381,0.418604651163,0.446428571429,0.440677966102,0.46,0.44,0.294117647059,0.478260869565,0.575757575758,0.518518518519,0.521739130435,0.53488372093,0.571428571429,0.56,0.583333333333,0.547169811321,0.553571428571,0.531914893617,0.522727272727,0.46,0.414634146341,0.535714285714,0.392156862745,0.488888888889,0.442307692308,0.545454545455,0.392857142857,0.490566037736,0.411764705882,0.547169811321,0.5,0.40350877193,0.622222222222,0.458333333333,0.6,0.5,0.351351351351,0.365853658537,0.613636363636,0.557692307692,0.444444444444,0.45652173913,0.395833333333,0.542857142857,0.536585365854,0.4,0.52,0.489361702128,0.585365853659,0.509803921569,0.603448275862,0.406779661017,0.448979591837,0.442307692308,0.463414634146,0.564102564103,0.415094339623,0.518518518519,0.394736842105,0.606557377049,0.485714285714,0.56862745098,0.516129032258,0.533333333333,0.59375,0.62962962963,0.55737704918,0.576923076923,0.462962962963,0.541666666667,0.609756097561,0.565217391304,0.552631578947,0.538461538462,0.489361702128,0.473684210526,0.468085106383,0.388888888889,0.522727272727,0.394736842105,0.785714285714,0.780487804878,0.5,0.491228070175,0.45652173913,0.409090909091,0.415094339623,0.452830188679,0.615384615385,0.62962962963,0.566037735849,0.475,0.372093023256,0.478260869565,0.56,0.527272727273,0.48275862069,0.642857142857,0.4,0.533333333333,0.487804878049,0.53488372093,0.545454545455,0.508771929825,0.638888888889,0.571428571429,0.408163265306,0.528301886792,0.538461538462,0.396226415094,0.439024390244,0.594594594595,0.630434782609,0.5,0.5,0.53488372093,0.641025641026,0.439024390244,0.461538461538,0.489795918367,0.4,0.491228070175,0.509803921569,0.46,0.58,0.44,0.547619047619,0.525,0.491525423729,0.5,0.441176470588,0.51724137931,0.428571428571,0.454545454545,0.451612903226,0.478260869565,0.466666666667,0.471698113208,0.488888888889,0.404761904762,0.451612903226,0.428571428571,0.454545454545,0.5,0.533333333333,0.571428571429,0.5,0.386363636364,0.44,0.490566037736,0.6,0.333333333333,0.578947368421,0.592592592593,0.479166666667,0.414634146341,0.516666666667,0.481481481481,0.409090909091,0.65,0.564102564103,0.595238095238,0.487804878049,0.394736842105,0.510204081633,0.5,0.404761904762,0.5,0.307692307692,0.565217391304,0.538461538462,0.607142857143,0.605263157895,0.475,0.56862745098,0.531914893617,0.415094339623,0.519230769231,0.531914893617,0.333333333333,0.509803921569,0.576923076923,0.513513513514,0.552631578947,0.452380952381,0.6,0.481481481481,0.433962264151,0.636363636364,0.351851851852,0.345454545455,0.444444444444,0.470588235294,0.566037735849,0.479166666667,0.406779661017,0.416666666667,0.425925925926,0.576923076923,0.492063492063,0.473684210526,0.6875,0.490909090909,0.574468085106,0.382352941176,0.451612903226,0.377358490566,0.428571428571,0.6,0.589743589744,0.549019607843,0.553191489362,0.5,0.379310344828,0.553571428571,0.55,0.509803921569,0.52,0.509433962264,0.510638297872,0.466666666667,0.555555555556,0.459016393443,0.484375,0.4375,0.528301886792,0.4,0.648648648649,0.411764705882,0.568181818182,0.531914893617,0.565217391304,0.55223880597,0.581395348837,0.395348837209,0.564102564103,0.530612244898,0.470588235294,0.516666666667,0.58,0.533333333333,0.411764705882,0.426229508197,0.471698113208,0.574468085106,0.480769230769,0.421052631579,0.432432432432,0.52,0.577777777778,0.333333333333,0.568181818182,0.478260869565,0.614035087719,0.5,0.45652173913,0.578947368421,0.58,0.571428571429,0.487804878049,0.435897435897,0.615384615385,0.447368421053,0.454545454545,0.533333333333,0.446808510638,0.444444444444,0.54347826087,0.458333333333,0.509803921569,0.5,0.458333333333,0.54,0.516666666667,0.372093023256,0.459459459459,0.442307692308,0.442307692308,0.5,0.47619047619,0.702127659574,0.416666666667,0.551020408163,0.5,0.487804878049,0.555555555556,0.481481481481,0.555555555556,0.521739130435,0.5,0.489361702128,0.569230769231,0.469387755102,0.480769230769,0.489795918367,0.583333333333,0.565217391304,0.508771929825,0.531914893617,0.527777777778,0.571428571429,0.510638297872,0.573770491803,0.4375,0.354166666667,0.48,0.40350877193,0.609756097561,0.46,0.473684210526,0.282608695652,0.444444444444,0.416666666667,0.40625,0.5,0.452380952381,0.526315789474,0.596153846154,0.423076923077,0.45,0.533333333333,0.520833333333,0.594594594595,0.511627906977,0.557692307692,0.517857142857,0.478260869565,0.468085106383,0.423076923077,0.611111111111,0.391304347826,0.333333333333,0.470588235294,0.510204081633,0.575,0.631578947368,0.575,0.560975609756,0.595744680851,0.457142857143,0.489795918367,0.363636363636,0.540540540541,0.454545454545,0.571428571429,0.586206896552,0.583333333333,0.512195121951,0.45652173913,0.52,0.541666666667,0.461538461538,0.431818181818,0.535714285714,0.507462686567,0.537037037037,0.563636363636,0.54347826087,0.5,0.620689655172,0.75,0.488888888889,0.673913043478,0.551724137931,0.595238095238,0.666666666667,0.58064516129,0.468085106383,0.448275862069,0.47619047619,0.461538461538,0.537037037037,0.59649122807,0.411764705882,0.564102564103,0.655172413793,0.41935483871,0.487804878049,0.575757575758,0.584905660377,0.425531914894,0.5,0.53125,0.628571428571,0.586956521739,0.275862068966,0.532258064516,0.591836734694,0.524590163934,0.531914893617,0.473684210526,0.377358490566,0.448979591837,0.448979591837,0.34693877551,0.675,0.518518518519,0.457627118644,0.42,0.446808510638,0.491228070175,0.428571428571,0.488888888889,0.453125,0.552631578947,0.468085106383,0.5,0.527777777778,0.591836734694,0.52,0.404255319149,0.365079365079,0.517857142857,0.415094339623,0.6,0.425925925926,0.4,0.444444444444,0.450980392157,0.480769230769,0.5,0.528301886792,0.408163265306,0.425531914894,0.408163265306,0.475,0.454545454545,0.470588235294,0.515151515152,0.454545454545,0.442307692308,0.5,0.477611940299,0.46,0.571428571429,0.518518518519,0.387096774194,0.613636363636,0.431034482759,0.464285714286,0.538461538462,0.414634146341,0.634146341463,0.371428571429,0.333333333333,0.378378378378,0.451612903226,0.489795918367,0.483870967742,0.617021276596,0.586206896552,0.351351351351,0.540540540541,0.452380952381,0.547619047619,0.607843137255,0.431034482759,0.558139534884,0.5,0.348837209302,0.842105263158,0.52,0.413793103448,0.5,0.394736842105,0.56,0.48,0.512820512821,0.452380952381,0.576271186441,0.478260869565,0.361111111111,0.583333333333,0.565217391304,0.44,0.586206896552,0.622222222222,0.541666666667,0.519230769231,0.408163265306,0.395833333333,0.488888888889,0.446808510638,0.413043478261,0.322580645161,0.418181818182,0.428571428571,0.490566037736,0.588235294118,0.54347826087,0.45,0.509090909091,0.489361702128,0.606557377049,0.514705882353,0.490909090909,0.466666666667,0.527777777778,0.209302325581,0.510204081633,0.358974358974,0.448979591837,0.673076923077,0.551020408163,0.434782608696,0.479166666667,0.522727272727,0.526315789474,0.621621621622,0.6,0.489361702128,0.458333333333,0.536585365854,0.62962962963,0.547169811321,0.698113207547,0.475,0.341463414634,0.421052631579,0.642857142857,0.534482758621,0.4,0.622950819672,0.48275862069,0.462962962963,0.48,0.591836734694,0.589285714286,0.557692307692,0.608695652174,0.509433962264,0.52380952381,0.575757575758,0.527272727273,0.666666666667,0.590909090909,0.622641509434,0.510638297872,0.647058823529,0.509803921569,0.547169811321,0.578947368421,0.4,0.48,0.472727272727,0.433333333333,0.490566037736,0.421052631579,0.557692307692,0.4375,0.457142857143,0.633333333333,0.529411764706,0.56,0.384615384615,0.571428571429,0.530612244898,0.58,0.31914893617,0.35,0.512195121951,0.547619047619,0.411764705882,0.4,0.557692307692,0.522727272727,0.396551724138,0.422222222222,0.538461538462,0.530612244898,0.424242424242,0.375,0.611111111111,0.564102564103,0.58,0.470588235294,0.472222222222,0.578947368421,0.354838709677,0.571428571429,0.557692307692,0.461538461538,0.592592592593,0.520833333333,0.534482758621,0.408163265306,0.5,0.444444444444,0.5625,0.4375,0.5,0.553191489362,0.5,0.533333333333,0.428571428571,0.425925925926,0.475,0.488888888889,0.51724137931,0.5,0.563636363636,0.639344262295,0.547169811321,0.450980392157,0.526315789474,0.422222222222,0.590909090909,0.5,0.533333333333,0.468085106383,0.525,0.488372093023,0.47619047619,0.4,0.413043478261,0.395833333333,0.621621621622,0.540540540541,0.526315789474,0.581818181818,0.583333333333,0.408163265306,0.659574468085,0.488372093023,0.529411764706,0.52380952381,0.409090909091,0.47619047619,0.423728813559,0.487804878049,0.377358490566,0.52380952381,0.428571428571,0.425531914894,0.5,0.420289855072,0.515151515152,0.452830188679,0.522727272727,0.47619047619,0.522727272727,0.340909090909,0.46511627907,0.469387755102,0.6,0.608695652174,0.627906976744,0.573770491803,0.555555555556,0.473684210526,0.576923076923,0.321428571429,0.666666666667,0.52,0.382352941176,0.384615384615,0.508771929825,0.444444444444,0.555555555556,0.510204081633,0.607843137255,0.416666666667,0.396551724138,0.5,0.621621621622,0.405405405405,0.605263157895,0.471698113208,0.519230769231,0.581818181818,0.5,0.377777777778,0.410714285714,0.622950819672,0.634615384615,0.59649122807,0.545454545455,0.603773584906,0.543859649123,0.517857142857,0.452380952381,0.563636363636,0.564516129032,0.411764705882,0.521739130435,0.46511627907,0.527777777778,0.510204081633,0.5,0.545454545455,0.659574468085,0.560975609756,0.479166666667,0.588235294118,0.46511627907,0.6,0.577777777778,0.573770491803,0.638888888889,0.604651162791,0.537037037037,0.473684210526,0.477272727273,0.525,0.577777777778,0.470588235294,0.382978723404,0.561403508772,0.622222222222,0.704545454545,0.5,0.5,0.59649122807,0.555555555556,0.541666666667,0.508474576271,0.6,0.565217391304,0.465517241379,0.588235294118,0.605263157895,0.4375,0.591836734694,0.487804878049,0.644444444444,0.660377358491,0.571428571429,0.489795918367,0.531914893617,0.509803921569,0.48,0.462962962963,0.548387096774,0.43137254902,0.555555555556,0.591836734694,0.625,0.434782608696,0.442857142857,0.455882352941,0.4,0.65306122449,0.363636363636,0.569230769231,0.547169811321,0.44,0.5,0.490566037736,0.632653061224,0.509803921569,0.414634146341,0.373134328358,0.4,0.521739130435,0.5,0.487179487179,0.484375,0.5,0.678571428571,0.63829787234,0.587301587302,0.552631578947,0.45,0.564102564103,0.435897435897,0.566037735849,0.520833333333,0.555555555556,0.78125,0.46511627907,0.378378378378,0.75,0.40625,0.513888888889,0.575757575758,0.392156862745,0.575,0.560975609756,0.428571428571,0.404255319149,0.5,0.682926829268,0.590909090909,0.509803921569,0.457627118644,0.520833333333,0.596153846154,0.340425531915,0.410714285714,0.6,0.425531914894,0.3125,0.481481481481,0.492537313433,0.5,0.425,0.422222222222,0.555555555556,0.518518518519,0.757575757576,0.479166666667,0.52,0.5,0.382352941176,0.478873239437,0.408163265306,0.491803278689,0.538461538462,0.464285714286,0.483870967742,0.547169811321,0.612244897959,0.519230769231,0.410256410256,0.517857142857,0.586956521739,0.674418604651,0.58,0.5,0.509433962264,0.487804878049,0.428571428571,0.622222222222,0.481481481481,0.627906976744,0.447368421053,0.561403508772,0.595744680851,0.432835820896,0.487804878049,0.458333333333,0.448275862069,0.375,0.414634146341,0.516129032258,0.425531914894,0.5,0.627450980392,0.342105263158,0.448979591837,0.58,0.485714285714,0.396551724138,0.642857142857,0.474576271186,0.5,0.403846153846,0.694444444444,0.557692307692,0.5,0.527777777778,0.541666666667,0.417910447761,0.571428571429,0.45652173913,0.492063492063,0.551724137931,0.563636363636,0.521739130435,0.586206896552,0.421052631579,0.464285714286,0.452380952381,0.615384615385,0.490196078431,0.533333333333,0.564102564103,0.5,0.444444444444,0.538461538462,0.72,0.48275862069,0.527272727273,0.58,0.475,0.527272727273,0.609375,0.560975609756,0.702702702703,0.520833333333,0.5,0.5,0.418604651163,0.487804878049,0.52380952381,0.527272727273,0.578947368421,0.469387755102,0.425,0.65,0.566037735849,0.6,0.564102564103,0.444444444444,0.5,0.607843137255,0.435897435897,0.487804878049,0.549019607843,0.487804878049,0.605263157895,0.555555555556,0.7,0.47619047619,0.5,0.478260869565,0.586206896552,0.416666666667,0.53488372093,0.536585365854,0.5,0.507692307692,0.456140350877,0.369565217391,0.471698113208,0.543859649123,0.588235294118,0.480769230769,0.382978723404,0.591836734694,0.558139534884,0.586956521739,0.425925925926,0.488888888889,0.433333333333,0.424242424242,0.5,0.444444444444,0.487804878049,0.468085106383,0.488372093023,0.483870967742,0.563636363636,0.51724137931,0.614035087719,0.571428571429,0.557692307692,0.326086956522,0.470588235294,0.404255319149,0.483870967742,0.525,0.466666666667,0.488888888889,0.452380952381,0.490196078431,0.54347826087,0.525,0.45,0.48,0.470588235294,0.409836065574,0.428571428571,0.418181818182,0.407407407407,0.325581395349,0.406779661017,0.4,0.434782608696,0.54,0.622950819672,0.509090909091,0.551020408163,0.518518518519,0.647058823529,0.631578947368,0.487804878049,0.392156862745,0.447368421053,0.571428571429,0.594594594595,0.5,0.517857142857,0.486486486486,0.47619047619,0.53488372093,0.521739130435,0.466666666667,0.711111111111,0.452380952381,0.480769230769,0.446808510638,0.622222222222,0.358974358974,0.525,0.595238095238,0.5,0.5,0.533333333333,0.5,0.488888888889,0.6875,0.520833333333,0.578947368421,0.471698113208,0.521739130435,0.408163265306,0.404761904762,0.489361702128,0.541666666667,0.435897435897,0.396551724138,0.48,0.454545454545,0.5625,0.368421052632,0.4,0.542372881356,0.511627906977,0.5,0.488888888889,0.531914893617,0.603773584906,0.478260869565,0.48,0.526315789474,0.422222222222,0.441860465116,0.479166666667,0.527777777778,0.541666666667,0.45652173913,0.52,0.6,0.566037735849,0.540540540541,0.454545454545,0.375,0.487179487179,0.477272727273,0.509090909091,0.552631578947,0.523076923077,0.59649122807,0.310344827586,0.391304347826,0.565217391304,0.436363636364,0.491228070175,0.571428571429,0.446808510638,0.467741935484,0.413793103448,0.52380952381,0.581395348837,0.46,0.65625,0.564102564103,0.547169811321,0.491525423729,0.380952380952,0.452830188679,0.925925925926,0.47619047619,0.471698113208,0.5,0.475409836066,0.520833333333,0.468085106383,0.621621621622,0.521739130435,0.525,0.535714285714,0.645161290323,0.607142857143,0.6,0.489795918367,0.510204081633,0.55,0.518518518519,0.657894736842,0.648648648649,0.470588235294,0.53125,0.536585365854,0.5,0.6,0.433962264151,0.545454545455,0.536231884058,0.521739130435,0.5,0.411764705882,0.551724137931,0.552631578947,0.423076923077,0.511627906977,0.3125,0.620689655172,0.54347826087,0.565217391304,0.407407407407,0.365853658537,0.415094339623,0.625,0.489795918367,0.5,0.487804878049,0.309090909091,0.596774193548,0.697674418605,0.433333333333,0.5625,0.577777777778,0.608695652174,0.553191489362,0.341463414634,0.461538461538,0.416666666667,0.555555555556,0.5,0.315789473684,0.621212121212,0.5,0.377358490566,0.403225806452,0.483333333333,0.522727272727,0.413793103448,0.482142857143,0.595238095238,0.384615384615,0.510204081633,0.54347826087,0.375,0.377777777778,0.386363636364,0.435483870968,0.415094339623,0.608695652174,0.567567567568,0.547619047619,0.622641509434,0.560975609756,0.469387755102,0.617021276596,0.581395348837,0.52,0.5,0.45,0.526315789474,0.508771929825,0.52,0.5625,0.613636363636,0.446808510638,0.555555555556,0.46875,0.5,0.553191489362,0.477272727273,0.379310344828,0.47619047619,0.447368421053,0.530612244898,0.519230769231,0.490566037736,0.583333333333,0.560975609756,0.472727272727,0.641025641026,0.462962962963,0.391304347826,0.666666666667,0.566037735849,0.428571428571,0.344827586207,0.454545454545,0.488888888889,0.380952380952,0.365853658537,0.6,0.564102564103,0.555555555556,0.553191489362,0.552631578947,0.516666666667,0.540983606557,0.492063492063,0.323529411765,0.509090909091,0.568181818182,0.365853658537,0.468085106383,0.45,0.512195121951,0.563636363636,0.475409836066,0.409090909091,0.581395348837,0.425925925926,0.442307692308,0.479166666667,0.547619047619,0.442307692308,0.5,0.487179487179,0.395833333333,0.375,0.72,0.5,0.333333333333,0.454545454545,0.596774193548,0.473684210526,0.66,0.403846153846,0.40625,0.411764705882,0.375,0.52,0.566037735849,0.522727272727,0.433333333333,0.488372093023,0.444444444444,0.472727272727,0.44262295082,0.469696969697,0.555555555556,0.568181818182,0.509803921569,0.483333333333,0.48,0.526315789474,0.517857142857,0.583333333333,0.377049180328,0.5,0.444444444444,0.452380952381,0.568181818182,0.424242424242,0.63829787234,0.632653061224,0.533333333333,0.517857142857,0.533333333333,0.372549019608,0.515625,0.604651162791,0.585365853659,0.555555555556,0.531914893617,0.608695652174,0.465517241379,0.475409836066,0.487804878049,0.431034482759,0.55,0.467741935484,0.52380952381,0.510638297872,0.616666666667,0.533333333333,0.447368421053,0.5,0.607142857143,0.627906976744,0.415094339623,0.533333333333,0.625,0.510204081633,0.568965517241,0.5,0.477272727273,0.641025641026,0.406779661017,0.393442622951,0.591836734694,0.428571428571,0.564102564103,0.431818181818,0.433962264151,0.584905660377,0.526315789474,0.487804878049,0.481481481481,0.538461538462,0.5625,0.551020408163,0.458333333333,0.323529411765,0.48,0.463414634146,0.479166666667,0.56,0.584905660377,0.567567567568,0.352941176471,0.440677966102,0.547169811321,0.612903225806,0.368421052632,0.490196078431,0.410256410256,0.567567567568,0.395833333333,0.510638297872,0.469387755102,0.435897435897,0.666666666667,0.530612244898,0.52,0.549019607843,0.585365853659,0.610169491525,0.486486486486,0.394736842105,0.5,0.533333333333,0.594594594595,0.622222222222,0.583333333333,0.542857142857,0.520833333333,0.581818181818,0.409090909091,0.444444444444,0.474576271186,0.440677966102,0.475,0.542372881356,0.489795918367,0.720930232558,0.535714285714,0.608695652174,0.619047619048,0.631578947368,0.489361702128,0.560975609756,0.510638297872,0.480769230769,0.488888888889,0.541666666667,0.519230769231,0.444444444444,0.54347826087,0.350877192982,0.589285714286,0.348837209302,0.488888888889,0.446153846154,0.578947368421,0.583333333333,0.575,0.545454545455,0.47619047619,0.525,0.4375,0.53125,0.516129032258,0.457142857143,0.536585365854,0.551020408163,0.514285714286,0.557692307692,0.425531914894,0.411764705882,0.514285714286,0.435483870968,0.428571428571,0.526315789474,0.490566037736,0.511111111111,0.567567567568,0.482142857143,0.512195121951,0.463414634146,0.384615384615,0.583333333333,0.548387096774,0.688888888889,0.5,0.604651162791,0.450980392157,0.540540540541,0.375,0.472727272727,0.581395348837,0.53488372093,0.375,0.5,0.634920634921,0.371428571429,0.486486486486,0.52380952381,0.384615384615,0.442307692308,0.551724137931,0.589743589744,0.483870967742,0.435897435897,0.393939393939,0.5,0.529411764706,0.5,0.390243902439,0.4,0.52380952381,0.475,0.538461538462,0.533333333333,0.53125,0.48275862069,0.403225806452,0.436363636364,0.45,0.477272727273,0.477272727273,0.583333333333,0.40625,0.180327868852,0.731343283582,0.454545454545,0.473684210526,0.405405405405,0.368421052632,0.384615384615,0.428571428571,0.444444444444,0.488888888889,0.511111111111,0.435897435897,0.512820512821,0.44,0.333333333333,0.46875,0.615384615385,0.451612903226,0.448275862069,0.436363636364,0.448275862069,0.51724137931,0.615384615385,0.395833333333,0.333333333333,0.5,0.571428571429,0.666666666667,0.369565217391,0.585365853659,0.538461538462,0.428571428571,0.386363636364,0.567567567568,0.522727272727,0.586956521739,0.4,0.531914893617,0.520833333333,0.52380952381,0.513513513514,0.359375,0.536585365854,0.5,0.414634146341,0.5,0.52380952381,0.5,0.47619047619,0.371428571429,0.297872340426,0.4,0.352941176471,0.545454545455,0.387755102041,0.509803921569,0.513513513514,0.53125,0.433333333333,0.595238095238,0.428571428571,0.542857142857,0.555555555556,0.5,0.540540540541,0.461538461538,0.537037037037,0.645833333333,0.407407407407,0.5,0.440677966102,0.615384615385,0.510204081633,0.409090909091,0.4375,0.40625,0.4,0.535714285714,0.521739130435,0.470588235294,0.540540540541,0.5625,0.527777777778,0.555555555556,0.461538461538,0.488888888889,0.551724137931,0.56862745098,0.585365853659,0.454545454545,0.271186440678,0.386363636364,0.4,0.512820512821,0.428571428571,0.540540540541,0.636363636364,0.555555555556,0.640625,0.463414634146,0.352941176471,0.611111111111,0.535714285714,0.5,0.592592592593,0.5,0.714285714286,0.545454545455,0.4,0.636363636364,0.444444444444,0.454545454545,0.446808510638,0.428571428571,0.461538461538,0.638888888889,0.508474576271,0.557142857143,0.435897435897,0.489795918367,0.576271186441,0.4,0.433962264151,0.627906976744,0.5,0.512195121951,0.463414634146,0.454545454545,0.491228070175,0.617647058824,0.581395348837,0.510638297872,0.548387096774,0.46,0.458333333333,0.372881355932,0.5,0.525,0.490566037736,0.574468085106,0.470588235294,0.673076923077,0.488372093023,0.563636363636,0.543859649123,0.557692307692,0.518518518519,0.577777777778,0.58064516129,0.514285714286,0.553191489362,0.393939393939,0.5,0.487804878049,0.479166666667,0.5,0.48275862069,0.657142857143,0.642857142857,0.522727272727,0.439024390244,0.477272727273,0.586956521739,0.490566037736,0.5,0.581818181818,0.325581395349,0.447368421053,0.509433962264,0.470588235294,0.560975609756,0.466666666667,0.58064516129,0.457142857143,0.488888888889,0.617647058824,0.581395348837,0.651162790698,0.651162790698,0.511627906977,0.466666666667,0.385964912281,0.588235294118,0.547619047619,0.578947368421,0.58064516129,0.425531914894,0.537037037037,0.622641509434,0.55,0.516129032258,0.5,0.388888888889,0.477272727273,0.441860465116,0.590909090909,0.512195121951,0.342105263158,0.421052631579,0.648648648649,0.461538461538,0.4,0.372093023256,0.565217391304,0.325581395349,0.416666666667,0.351351351351,0.566037735849,0.458333333333,0.393939393939,0.611111111111,0.577777777778,0.477272727273,0.5,0.533333333333,0.418604651163,0.388888888889,0.628571428571,0.423076923077,0.555555555556,0.425531914894,0.461538461538,0.549019607843,0.537037037037,0.45652173913,0.4,0.5,0.392156862745,0.525,0.362068965517,0.4,0.47619047619,0.526315789474,0.585365853659,0.576923076923,0.486486486486,0.519230769231,0.545454545455,0.621621621622,0.315789473684,0.611111111111,0.595744680851,0.448275862069,0.487804878049,0.46,0.555555555556,0.444444444444,0.577777777778,0.533333333333,0.444444444444,0.675,0.441176470588,0.468085106383,0.418181818182,0.555555555556,0.545454545455,0.528301886792,0.555555555556,0.651162790698,0.5625,0.5,0.658536585366,0.566666666667,0.581395348837,0.585365853659,0.5,0.511627906977,0.531914893617,0.545454545455,0.666666666667,0.666666666667,0.423076923077,0.414634146341,0.54,0.6,0.483870967742,0.513513513514,0.348837209302,0.428571428571,0.404255319149,0.58,0.530612244898,0.576923076923,0.439024390244,0.659574468085,0.567567567568,0.619047619048,0.462962962963,0.477272727273,0.5,0.491803278689,0.421052631579,0.466666666667,0.511111111111,0.452380952381,0.527777777778,0.470588235294,0.421875,0.460317460317,0.549019607843,0.512820512821,0.486486486486,0.625,0.558823529412,0.642857142857,0.522727272727,0.5,0.411764705882,0.511111111111,0.581395348837,0.54347826087,0.613636363636,0.428571428571,0.530612244898,0.5,0.68085106383,0.545454545455,0.5,0.617647058824,0.491525423729,0.5,0.511627906977,0.258064516129,0.34693877551,0.473684210526,0.522727272727,0.446808510638,0.411764705882,0.567567567568,0.595744680851,0.652173913043,0.4,0.538461538462,0.489361702128,0.520833333333,0.459459459459,0.566037735849,0.52380952381,0.512195121951,0.418604651163,0.58,0.576271186441,0.6,0.614035087719,0.441860465116,0.41935483871,0.585365853659,0.421052631579,0.558823529412,0.538461538462,0.543859649123,0.612244897959,0.536585365854,0.473684210526,0.36,0.634146341463,0.642857142857,0.611111111111,0.555555555556,0.571428571429,0.481481481481,0.541666666667,0.555555555556,0.560975609756,0.611111111111,0.574074074074,0.55,0.483870967742,0.468085106383,0.596153846154,0.387096774194,0.309523809524,0.426229508197,0.5625,0.5,0.555555555556,0.518518518519,0.5,0.592592592593,0.589285714286,0.636363636364,0.491803278689,0.439024390244,0.605263157895,0.5,0.537037037037,0.608695652174,0.526315789474,0.468085106383,0.452380952381,0.53125,0.571428571429,0.521739130435,0.488888888889,0.478260869565,0.545454545455,0.69696969697,0.470588235294,0.377358490566,0.590163934426,0.458333333333,0.48275862069,0.5,0.595744680851,0.55737704918,0.435897435897,0.589285714286,0.534482758621,0.465517241379,0.6,0.454545454545,0.552631578947,0.558823529412,0.590909090909,0.634146341463,0.511627906977,0.53125,0.586956521739,0.45652173913,0.555555555556,0.586956521739,0.487804878049,0.558823529412,0.387096774194,0.435897435897,0.533333333333,0.508771929825,0.469387755102,0.5,0.45652173913,0.517857142857,0.433333333333,0.489361702128,0.511627906977,0.490196078431,0.547169811321,0.484848484848,0.555555555556,0.46,0.428571428571,0.533333333333,0.6,0.307692307692,0.711111111111,0.47619047619,0.326530612245,0.566037735849,0.6,0.375,0.304347826087,0.452380952381,0.586956521739,0.489795918367,0.448275862069,0.621621621622,0.425,0.568181818182,0.560975609756,0.565217391304,0.516129032258,0.5,0.614035087719,0.530612244898,0.571428571429,0.333333333333,0.645833333333,0.369565217391,0.527777777778,0.547169811321,0.4375,0.532258064516,0.530612244898,0.697674418605,0.634146341463,0.536585365854,0.413793103448,0.625,0.544117647059,0.470588235294,0.457142857143,0.58064516129,0.533333333333,0.512195121951,0.448979591837,0.463414634146,0.477272727273,0.636363636364,0.487804878049,0.511627906977,0.547619047619,0.466666666667,0.4375,0.551020408163,0.540540540541,0.54347826087,0.416666666667,0.462962962963,0.533333333333,0.666666666667,0.558139534884,0.581395348837,0.535714285714,0.474576271186,0.511627906977,0.434782608696,0.403846153846,0.424242424242,0.511627906977,0.491803278689,0.508771929825,0.586956521739,0.622222222222,0.45652173913,0.342105263158,0.58,0.46,0.48,0.632653061224,0.537037037037,0.409090909091,0.459459459459,0.533333333333,0.477272727273,0.5,0.567567567568,0.375,0.448979591837,0.487804878049,0.386363636364,0.35,0.537037037037,0.480769230769,0.425925925926,0.545454545455,0.454545454545,0.534482758621,0.553571428571,0.487804878049,0.454545454545,0.595238095238,0.442857142857,0.61038961039,0.549019607843,0.5,0.372093023256,0.619047619048,0.571428571429,0.47619047619,0.513513513514,0.557692307692,0.461538461538,0.519230769231,0.645833333333,0.518518518519,0.576923076923,0.471698113208,0.46875,0.456140350877,0.536585365854,0.571428571429,0.611111111111,0.595238095238,0.583333333333,0.509090909091,0.6,0.526315789474,0.439393939394,0.55223880597,0.515625,0.530612244898,0.452830188679,0.555555555556,0.277777777778,0.358974358974,0.475,0.583333333333,0.509803921569,0.511111111111,0.448979591837,0.489361702128,0.472222222222,0.456140350877,0.519230769231,0.55,0.441860465116,0.566037735849,0.5,0.44,0.547169811321,0.519230769231,0.47619047619,0.375,0.423076923077,0.454545454545,0.65625,0.5,0.487179487179,0.363636363636,0.414634146341,0.394736842105,0.566666666667,0.526315789474,0.425531914894,0.377049180328,0.557692307692,0.448275862069,0.492063492063,0.493333333333,0.547619047619,0.527777777778,0.567567567568,0.613636363636,0.55,0.416666666667,0.5,0.622222222222,0.608695652174,0.545454545455,0.459459459459,0.490909090909,0.555555555556,0.490566037736,0.481481481481,0.545454545455,0.634615384615,0.729166666667,0.5,0.461538461538,0.615384615385,0.444444444444,0.469387755102,0.535714285714,0.609756097561,0.469387755102,0.466666666667,0.489361702128,0.470588235294,0.571428571429,0.532258064516,0.592592592593,0.511111111111,0.538461538462,0.489361702128,0.511111111111,0.422222222222,0.584615384615,0.461538461538,0.658536585366,0.5,0.534482758621,0.472727272727,0.469387755102,0.454545454545,0.491228070175,0.479166666667,0.489361702128,0.5,0.461538461538,0.472727272727,0.474576271186,0.41935483871,0.388888888889,0.520833333333,0.560975609756,0.487804878049,0.576923076923,0.5,0.538461538462,0.396551724138,0.606060606061,0.5,0.42,0.35,0.444444444444,0.592592592593,0.448275862069,0.555555555556,0.565217391304,0.545454545455,0.608695652174,0.458333333333,0.489361702128,0.508474576271,0.533333333333,0.56862745098,0.513513513514,0.46511627907,0.461538461538,0.490566037736,0.492063492063,0.422222222222,0.604651162791,0.456140350877,0.58,0.52380952381,0.407407407407,0.522727272727,0.391304347826,0.6,0.395348837209,0.604166666667,0.481481481481,0.547169811321,0.36170212766,0.448275862069,0.563636363636,0.513513513514,0.576271186441,0.45,0.549019607843,0.538461538462,0.547619047619,0.535714285714,0.428571428571,0.475409836066,0.641509433962,0.479166666667,0.434782608696,0.551724137931,0.529411764706,0.375,0.415094339623,0.377777777778,0.534482758621,0.490196078431,0.583333333333,0.481481481481,0.520833333333,0.529411764706,0.472727272727,0.625,0.632653061224,0.538461538462,0.518518518519,0.520833333333,0.555555555556,0.468085106383,0.6,0.387755102041,0.432432432432,0.510638297872,0.56,0.448979591837,0.508771929825,0.666666666667,0.539682539683,0.56862745098,0.457627118644,0.409090909091,0.393442622951,0.529411764706,0.591836734694,0.464285714286,0.345454545455,0.579710144928,0.622641509434,0.538461538462,0.470588235294,0.409090909091,0.4,0.595744680851,0.5,0.673076923077,0.491525423729,0.5,0.464285714286,0.5,0.510638297872,0.48275862069,0.452830188679,0.568181818182,0.464285714286,0.555555555556,0.52,0.515625,0.518518518519,0.414634146341,0.517857142857,0.462962962963,0.409836065574,0.52,0.441176470588,0.510638297872,0.53125,0.509433962264,0.4375,0.516129032258,0.428571428571,0.45652173913,0.461538461538,0.6875,0.396226415094,0.484375,0.555555555556,0.5,0.414634146341,0.410714285714,0.5,0.608695652174,0.469387755102,0.642857142857,0.552631578947,0.454545454545,0.569230769231,0.586206896552,0.422222222222,0.47619047619,0.396226415094,0.379310344828,0.5,0.545454545455,0.481481481481,0.529411764706,0.471698113208,0.490909090909,0.422222222222,0.673076923077,0.511111111111,0.5,0.527272727273,0.4,0.519230769231,0.488372093023,0.472222222222,0.5,0.536231884058,0.5,0.698113207547,0.711538461538,0.365853658537,0.473684210526,0.44,0.416666666667,0.509803921569,0.511111111111,0.459016393443,0.578947368421,0.442307692308,0.603773584906,0.446428571429,0.4,0.44,0.490909090909,0.634615384615,0.354166666667,0.382978723404,0.5,0.56,0.519230769231,0.43137254902,0.446428571429,0.431818181818,0.595744680851,0.44776119403,0.519230769231,0.517857142857,0.4,0.311111111111,0.472727272727,0.571428571429,0.4,0.41975308642,0.561403508772,0.467741935484,0.444444444444,0.479166666667,0.552631578947,0.563636363636,0.372549019608,0.446428571429,0.471698113208,0.648648648649,0.545454545455,0.5,0.547619047619,0.42,0.596153846154,0.448979591837,0.548387096774,0.38,0.5,0.377358490566,0.435897435897,0.487179487179,0.547169811321,0.428571428571,0.488372093023,0.466666666667,0.511627906977,0.5625,0.509803921569,0.5,0.5625,0.512195121951,0.551020408163,0.62962962963,0.561403508772,0.472727272727,0.766666666667,0.555555555556,0.545454545455,0.673913043478,0.488888888889,0.673076923077,0.571428571429,0.551724137931,0.392156862745,0.478260869565,0.543859649123,0.5,0.4,0.528301886792,0.5,0.584905660377,0.475409836066,0.5,0.511627906977,0.63829787234,0.379310344828,0.457142857143,0.428571428571,0.586206896552,0.590163934426,0.454545454545,0.595238095238,0.4375,0.386363636364,0.413793103448,0.392857142857,0.43137254902,0.404255319149,0.347826086957,0.568181818182,0.461538461538,0.529411764706,0.511111111111,0.512195121951,0.5,0.551020408163,0.490566037736,0.5,0.5,0.470588235294,0.576271186441,0.435897435897,0.588235294118,0.444444444444,0.439024390244,0.6,0.582278481013,0.577777777778,0.5,0.30612244898,0.529411764706,0.489361702128,0.549019607843,0.380952380952,0.40350877193,0.48275862069,0.52,0.487804878049,0.418181818182,0.5,0.418604651163,0.5,0.576271186441,0.574468085106,0.477272727273,0.362068965517,0.488888888889,0.574074074074,0.542372881356,0.448275862069,0.516129032258,0.48275862069,0.423728813559,0.54347826087,0.433962264151,0.604651162791,0.525,0.547619047619,0.415094339623,0.563636363636,0.508474576271,0.423728813559,0.489361702128,0.396226415094,0.452830188679,0.578947368421,0.510638297872,0.5,0.5,0.541666666667,0.463414634146,0.431818181818,0.416666666667,0.45652173913,0.473684210526,0.5625,0.577777777778,0.559322033898,0.563636363636,0.630434782609,0.591836734694,0.578125,0.603174603175,0.536585365854,0.512820512821,0.388059701493,0.387755102041,0.592592592593,0.5,0.491525423729,0.423076923077,0.5,0.433333333333,0.52380952381,0.457142857143,0.510638297872,0.5,0.543859649123,0.632653061224,0.625,0.525423728814,0.533333333333,0.516129032258,0.511627906977,0.416666666667,0.452830188679,0.509433962264,0.326923076923,0.352941176471,0.352941176471,0.619047619048,0.5,0.487804878049,0.553571428571,0.489361702128,0.480769230769,0.423076923077,0.481481481481,0.439393939394,0.44262295082,0.531914893617,0.452380952381,0.482142857143,0.313725490196,0.609756097561,0.395833333333,0.58,0.463414634146,0.431034482759,0.472222222222,0.627450980392,0.487804878049,0.457627118644,0.467741935484,0.488888888889,0.413043478261,0.46875,0.404255319149,0.509090909091,0.416666666667,0.413043478261,0.537037037037,0.636363636364,0.609756097561,0.45,0.462962962963,0.422222222222,0.518518518519,0.45652173913,0.525,0.576923076923,0.547169811321,0.551724137931,0.516666666667,0.509803921569,0.366666666667,0.5,0.487804878049,0.405797101449,0.566037735849,0.446428571429,0.488888888889,0.462962962963,0.545454545455,0.568965517241,0.421052631579,0.452380952381,0.533333333333,0.529411764706,0.415094339623,0.475409836066,0.507936507937,0.509090909091,0.516666666667,0.492307692308,0.423076923077,0.482142857143,0.5,0.456140350877,0.625,0.479166666667,0.406779661017,0.559322033898,0.55223880597,0.517857142857,0.521739130435,0.52380952381,0.45,0.577777777778,0.577777777778,0.581395348837,0.604166666667,0.529411764706,0.490566037736,0.46511627907,0.590909090909,0.34693877551,0.444444444444,0.581818181818,0.490566037736,0.528301886792,0.509090909091,0.561643835616,0.462962962963,0.441860465116,0.459459459459,0.477272727273,0.465517241379,0.471698113208,0.395833333333,0.483333333333,0.65,0.567567567568,0.472727272727,0.438596491228,0.468085106383,0.560975609756,0.551020408163,0.5,0.5,0.435483870968,0.545454545455,0.673469387755,0.522727272727,0.511627906977,0.403846153846,0.518518518519,0.547169811321,0.541666666667,0.521739130435,0.525,0.380952380952,0.348837209302,0.615384615385,0.622641509434,0.592592592593,0.588235294118,0.52380952381,0.612244897959,0.578947368421,0.509803921569,0.459016393443,0.516666666667,0.586206896552,0.547169811321,0.404761904762,0.384615384615,0.457142857143,0.510638297872,0.574074074074,0.557692307692,0.612244897959,0.563636363636,0.5,0.423076923077,0.509433962264,0.652173913043,0.444444444444,0.545454545455,0.518518518519,0.424242424242,0.469696969697,0.4,0.512195121951,0.487179487179,0.571428571429,0.492753623188,0.533333333333,0.46,0.592592592593,0.511111111111,0.557692307692,0.56,0.423728813559,0.555555555556,0.577777777778,0.536231884058,0.465517241379,0.614285714286,0.421875,0.54347826087,0.512195121951,0.413793103448,0.58064516129,0.641025641026,0.475409836066,0.604651162791,0.511627906977,0.511627906977,0.5,0.403225806452,0.515625,0.47619047619,0.395348837209,0.543859649123,0.627906976744,0.35593220339,0.475,0.531914893617,0.65,0.54,0.638888888889,0.549019607843,0.426229508197,0.458333333333,0.5,0.5,0.446153846154,0.555555555556,0.648648648649,0.545454545455,0.48275862069,0.53488372093,0.444444444444,0.471698113208,0.395833333333,0.475,0.578947368421,0.526315789474,0.446428571429,0.627450980392,0.553191489362,0.487804878049,0.672727272727,0.655172413793,0.547619047619,0.586956521739,0.588235294118,0.585365853659,0.522727272727,0.475409836066,0.518518518519,0.395833333333,0.5625,0.532258064516,0.58,0.473684210526,0.471698113208,0.452830188679,0.5,0.465517241379,0.444444444444,0.522727272727,0.549019607843,0.574074074074,0.553191489362,0.462962962963,0.446808510638,0.411764705882,0.54,0.5625,0.489795918367,0.518518518519,0.53488372093,0.52,0.636363636364,0.531914893617,0.596774193548,0.55,0.512820512821,0.395348837209,0.561403508772,0.5,0.515151515152,0.426229508197,0.466666666667,0.521739130435,0.596153846154,0.416666666667,0.512195121951,0.5,0.387096774194,0.409836065574,0.586956521739,0.46,0.5,0.511111111111,0.488888888889,0.545454545455,0.517857142857,0.517857142857,0.477272727273,0.545454545455,0.577777777778,0.567567567568,0.425531914894,0.5,0.4,0.431818181818,0.538461538462,0.512195121951,0.578947368421,0.425925925926,0.490196078431,0.483333333333,0.38,0.541666666667,0.591549295775,0.597222222222,0.491525423729,0.510638297872,0.56,0.575757575758,0.408163265306,0.507936507937,0.44262295082,0.58064516129,0.461538461538,0.439024390244,0.424242424242,0.5,0.446808510638,0.461538461538,0.422222222222,0.4,0.714285714286,0.653846153846,0.577777777778,0.553571428571,0.631578947368,0.538461538462,0.490909090909,0.606557377049,0.439024390244,0.450980392157,0.611111111111,0.5,0.512820512821,0.45,0.585365853659,0.578947368421,0.533333333333,0.533333333333,0.523076923077,0.473684210526,0.425925925926,0.415384615385,0.6,0.655737704918,0.661016949153,0.529411764706,0.47619047619,0.675675675676,0.515151515152,0.609756097561,0.54347826087,0.53488372093,0.577777777778,0.47619047619,0.5,0.53488372093,0.512820512821,0.391304347826,0.363636363636,0.5,0.547619047619,0.690476190476,0.522727272727,0.563636363636,0.583333333333,0.470588235294,0.516666666667,0.56,0.470588235294,0.42,0.454545454545,0.510204081633,0.480769230769,0.52380952381,0.4,0.515151515152,0.545454545455,0.595238095238,0.454545454545,0.363636363636,0.5,0.459459459459,0.4,0.528301886792,0.44,0.513888888889,0.451612903226,0.34,0.472727272727,0.536585365854,0.411764705882,0.573770491803,0.5,0.510638297872,0.540540540541,0.423076923077,0.586956521739,0.555555555556,0.596153846154,0.392156862745,0.608695652174,0.576271186441,0.582089552239,0.444444444444,0.464285714286,0.533333333333,0.634615384615,0.5,0.441860465116,0.54347826087,0.527272727273,0.534482758621,0.517857142857,0.428571428571,0.369565217391,0.355555555556,0.42,0.416666666667,0.510638297872,0.525423728814,0.531914893617,0.488888888889,0.555555555556,0.612244897959,0.461538461538,0.636363636364,0.448979591837,0.492063492063,0.59375,0.6,0.513513513514,0.468085106383,0.542857142857,0.571428571429,0.5,0.520833333333,0.475409836066,0.354166666667,0.574074074074,0.392156862745,0.488888888889,0.357142857143,0.568965517241,0.6,0.538461538462,0.428571428571,0.5,0.45,0.529411764706,0.382978723404,0.478260869565,0.52380952381,0.41095890411,0.490566037736,0.481481481481,0.592592592593,0.474576271186,0.346153846154,0.590909090909,0.448275862069,0.433333333333,0.484848484848,0.610169491525,0.474358974359,0.476923076923,0.584905660377,0.571428571429,0.614035087719,0.614035087719,0.590909090909,0.466666666667,0.4375,0.5,0.461538461538,0.431034482759,0.5,0.454545454545,0.54,0.5,0.433962264151,0.461538461538,0.5,0.48275862069,0.52,0.422222222222,0.434782608696,0.490196078431,0.44,0.46875,0.563636363636,0.428571428571,0.479166666667,0.48,0.549019607843,0.5,0.672727272727,0.509803921569,0.388888888889,0.537037037037,0.472222222222,0.44,0.508474576271,0.458333333333,0.42,0.5,0.489795918367,0.658536585366,0.46511627907,0.521739130435,0.589743589744,0.508771929825,0.606060606061,0.585365853659,0.553191489362,0.565217391304,0.557692307692,0.571428571429,0.527777777778,0.660377358491,0.448979591837,0.46,0.545454545455,0.4,0.596774193548,0.490909090909,0.342105263158,0.583333333333,0.463414634146,0.533333333333,0.568965517241,0.524590163934,0.479166666667,0.426229508197,0.563636363636,0.5,0.631578947368,0.533333333333,0.524590163934,0.363636363636,0.466666666667,0.469387755102,0.448275862069,0.586956521739,0.4375,0.520833333333,0.59375,0.438596491228,0.477272727273,0.451612903226,0.425531914894,0.355555555556,0.526315789474,0.352941176471,0.535714285714,0.415094339623,0.340909090909,0.5625,0.424242424242,0.459016393443,0.46,0.473684210526,0.395348837209,0.3125,0.510204081633,0.510204081633,0.151515151515,0.15625,0.524590163934,0.676470588235,0.493670886076,0.519230769231,0.461538461538,0.5,0.482142857143,0.541666666667,0.5,0.489795918367,0.386363636364,0.55,0.422222222222,0.516129032258,0.438596491228,0.521739130435,0.309523809524,0.508196721311,0.481481481481,0.648648648649,0.466666666667,0.512195121951,0.555555555556,0.627906976744,0.536585365854,0.415094339623,0.487179487179,0.458333333333,0.525423728814,0.367346938776,0.518518518519,0.45,0.522727272727,0.408163265306,0.607142857143,0.477272727273,0.466666666667,0.45652173913,0.42,0.516666666667,0.435483870968,0.454545454545,0.513888888889,0.571428571429,0.526315789474,0.527272727273,0.456140350877,0.586956521739,0.448979591837,0.416666666667,0.45652173913,0.444444444444,0.387755102041,0.510204081633,0.565217391304,0.465517241379,0.391304347826,0.54347826087,0.560975609756,0.53488372093,0.488372093023,0.454545454545,0.446428571429,0.52380952381,0.535714285714,0.416666666667,0.574468085106,0.614035087719,0.53125,0.38,0.450980392157,0.490566037736,0.514285714286,0.408163265306,0.596153846154,0.442307692308,0.483870967742,0.489795918367,0.509803921569,0.526315789474,0.490909090909,0.508771929825,0.418181818182,0.457142857143,0.447368421053,0.595744680851,0.518518518519,0.522727272727,0.563636363636,0.468085106383,0.5,0.425531914894,0.5,0.47619047619,0.619047619048,0.519230769231,0.549019607843,0.491228070175,0.510204081633,0.515625,0.56,0.604166666667,0.618181818182,0.354166666667,0.454545454545,0.507462686567,0.512195121951,0.466666666667,0.4375,0.409090909091,0.434782608696,0.422535211268,0.574468085106,0.5,0.487179487179,0.489795918367,0.621212121212,0.510638297872,0.447368421053,0.519230769231,0.487179487179,0.55737704918,0.488888888889,0.482142857143,0.590909090909,0.644444444444,0.658536585366,0.683333333333,0.52,0.560975609756,0.489795918367,0.466666666667,0.541666666667,0.6875,0.615384615385,0.487804878049,0.487804878049,0.549019607843,0.4375,0.326086956522,0.5,0.46875,0.425531914894,0.481481481481,0.516666666667,0.5,0.569230769231,0.485714285714,0.531914893617,0.590909090909,0.5,0.442307692308,0.510204081633,0.604651162791,0.574468085106,0.485714285714,0.46511627907,0.392857142857,0.472222222222,0.65,0.6,0.622222222222,0.607142857143,0.563636363636,0.586956521739,0.381818181818,0.571428571429,0.529411764706,0.52,0.409090909091,0.577777777778,0.717948717949,0.522727272727,0.619047619048,0.571428571429,0.487179487179,0.53488372093,0.435897435897,0.617021276596,0.56,0.532258064516,0.485294117647,0.530612244898,0.52380952381,0.627118644068,0.666666666667,0.448979591837,0.428571428571,0.454545454545,0.451612903226,0.577777777778,0.518518518519,0.542857142857,0.567567567568,0.481481481481,0.516129032258,0.516666666667,0.5,0.43137254902,0.547619047619,0.340425531915,0.6,0.463414634146,0.448275862069,0.405797101449,0.431034482759,0.473684210526,0.380952380952,0.586956521739,0.472727272727,0.377777777778,0.52380952381,0.487179487179,0.571428571429,0.574468085106,0.666666666667,0.547619047619,0.522727272727,0.549019607843,0.507936507937,0.574468085106,0.421052631579,0.510204081633,0.625,0.604166666667,0.615384615385,0.565217391304,0.446428571429,0.404255319149,0.476923076923,0.423728813559,0.611111111111,0.52380952381,0.56,0.342857142857,0.5,0.6,0.482142857143,0.482142857143,0.520833333333,0.568181818182,0.53488372093,0.428571428571,0.464285714286,0.604166666667,0.588235294118,0.465517241379,0.509803921569,0.41935483871,0.5,0.454545454545,0.487179487179,0.340425531915,0.4375,0.551724137931,0.5,0.475,0.483870967742,0.647058823529,0.4375,0.435483870968,0.323529411765,0.425925925926,0.513513513514,0.72,0.466666666667,0.466666666667,0.5,0.545454545455,0.546875,0.560975609756,0.5,0.491228070175,0.571428571429,0.518518518519,0.448275862069,0.516666666667,0.490909090909,0.542372881356,0.512195121951,0.52380952381,0.595238095238,0.530303030303,0.51724137931,0.461538461538,0.4,0.614035087719,0.473684210526,0.468085106383,0.428571428571,0.351851851852,0.42,0.491525423729,0.521739130435,0.490196078431,0.530612244898,0.363636363636,0.5,0.526315789474,0.446808510638,0.464285714286,0.581395348837,0.458333333333,0.426470588235,0.538461538462,0.466666666667,0.521739130435,0.463414634146,0.536585365854,0.5,0.428571428571,0.442307692308,0.55,0.442307692308,0.526315789474,0.418181818182,0.425925925926,0.582089552239,0.645833333333,0.525423728814,0.389830508475,0.444444444444,0.481481481481,0.566666666667,0.5,0.564102564103,0.478260869565,0.45652173913,0.489795918367,0.446428571429,0.483870967742,0.527272727273,0.51724137931,0.6,0.586956521739,0.581395348837,0.565217391304,0.614035087719,0.513513513514,0.522727272727,0.549019607843,0.380952380952,0.462962962963,0.468085106383,0.531914893617,0.528301886792,0.589285714286,0.517857142857,0.566037735849,0.489361702128,0.489795918367,0.666666666667,0.557692307692,0.538461538462,0.515151515152,0.509803921569,0.531914893617,0.447368421053,0.577777777778,0.64,0.442307692308,0.549019607843,0.479166666667,0.606557377049,0.55737704918,0.45,0.4,0.458333333333,0.481481481481,0.479166666667,0.555555555556,0.65306122449,0.581818181818,0.647058823529,0.566666666667,0.551020408163,0.425925925926,0.35593220339,0.5,0.53488372093,0.461538461538,0.448979591837,0.44,0.559322033898,0.511627906977,0.4,0.5,0.625,0.659574468085,0.472727272727,0.412698412698,0.553191489362,0.6,0.5,0.413043478261,0.548387096774,0.5,0.513513513514,0.354838709677,0.611111111111,0.413043478261,0.526315789474,0.666666666667,0.622641509434,0.634146341463,0.410256410256,0.464285714286,0.480769230769,0.583333333333,0.5625,0.522727272727,0.44,0.543859649123,0.448979591837,0.468085106383,0.5,0.428571428571,0.347826086957,0.441860465116,0.43137254902,0.545454545455,0.466666666667,0.473684210526,0.444444444444,0.468085106383,0.5,0.403846153846,0.487179487179,0.5,0.539682539683,0.508474576271,0.545454545455,0.466666666667,0.571428571429,0.551020408163,0.510204081633,0.510638297872,0.453125,0.489361702128,0.512195121951,0.421052631579,0.46511627907,0.5,0.588235294118,0.490196078431,0.48275862069,0.509803921569,0.44,0.5,0.58,0.549019607843,0.365384615385,0.551020408163,0.483870967742,0.529411764706,0.422222222222,0.423728813559,0.444444444444,0.5,0.541666666667,0.510638297872,0.488372093023,0.5,0.6,0.568181818182,0.510204081633,0.433962264151,0.444444444444,0.380952380952,0.512820512821,0.539682539683,0.470588235294,0.431034482759,0.5,0.55737704918,0.518518518519,0.435483870968,0.471698113208,0.444444444444,0.588235294118,0.444444444444,0.519230769231,0.483870967742,0.555555555556,0.477272727273,0.578947368421,0.666666666667,0.479166666667,0.470588235294,0.415094339623,0.5,0.620689655172,0.522388059701,0.423728813559,0.358974358974,0.539682539683,0.43661971831,0.487804878049,0.418181818182,0.425,0.586666666667,0.372549019608,0.363636363636,0.473684210526,0.553191489362,0.590909090909,0.551724137931,0.434782608696,0.465517241379,0.422222222222,0.534482758621,0.459016393443,0.58,0.52,0.440677966102,0.460317460317,0.459016393443,0.648648648649,0.385964912281,0.454545454545,0.584615384615,0.596153846154,0.518518518519,0.415094339623,0.451612903226,0.509803921569,0.531914893617,0.478260869565,0.425,0.543859649123,0.474576271186,0.531914893617,0.518518518519,0.487179487179,0.6,0.469387755102,0.5,0.519230769231,0.446808510638,0.592592592593,0.555555555556,0.584905660377,0.5,0.475,0.592592592593,0.461538461538,0.477272727273,0.641509433962,0.531914893617,0.52380952381,0.591836734694,0.552631578947,0.434782608696,0.512820512821,0.59649122807,0.625,0.692307692308,0.5,0.480769230769,0.641509433962,0.539682539683,0.508771929825,0.490909090909,0.634146341463,0.545454545455,0.480769230769,0.55737704918,0.533333333333,0.578947368421,0.565217391304,0.531914893617,0.407407407407,0.490566037736,0.384615384615,0.477272727273,0.55,0.560975609756,0.568965517241,0.5,0.340425531915,0.206896551724,0.307692307692,0.563636363636,0.4,0.486486486486,0.452830188679,0.491525423729,0.483870967742,0.41935483871,0.522727272727,0.512195121951,0.478260869565,0.510204081633,0.571428571429,0.441860465116,0.428571428571,0.56,0.641025641026,0.471698113208,0.450980392157,0.5625,0.477272727273,0.365853658537,0.404255319149,0.333333333333,0.324324324324,0.490566037736,0.634615384615,0.538461538462,0.5,0.490909090909,0.538461538462,0.4,0.531914893617,0.439024390244,0.472222222222,0.618181818182,0.52380952381,0.410256410256,0.446428571429,0.557692307692,0.45,0.58064516129,0.634615384615,0.568181818182,0.466666666667,0.576923076923,0.605263157895,0.45652173913,0.428571428571,0.543859649123,0.553191489362,0.441860465116,0.44,0.488372093023,0.472727272727,0.395833333333,0.454545454545,0.603448275862,0.6,0.380952380952,0.539682539683,0.538461538462,0.538461538462,0.51724137931,0.491525423729,0.55,0.518518518519,0.5,0.5625,0.45652173913,0.519230769231,0.4,0.38,0.46,0.5,0.618181818182,0.576271186441,0.44,0.418181818182,0.509090909091,0.434782608696,0.446808510638,0.403225806452,0.526315789474,0.541666666667,0.608695652174,0.45,0.535211267606,0.529411764706,0.5,0.512820512821,0.551724137931,0.410714285714,0.515625,0.446428571429,0.340425531915,0.528301886792,0.405405405405,0.433962264151,0.533333333333,0.514705882353,0.490909090909,0.461538461538,0.509433962264,0.538461538462,0.457627118644,0.473684210526,0.487179487179,0.5,0.537037037037,0.586206896552,0.422222222222,0.545454545455,0.489361702128,0.537037037037,0.47619047619,0.48275862069,0.347826086957,0.609756097561,0.4,0.489795918367,0.553571428571,0.348837209302,0.685185185185,0.631578947368,0.447368421053,0.511111111111,0.392857142857,0.388888888889,0.428571428571,0.533333333333,0.369565217391,0.519230769231,0.566666666667,0.529411764706,0.491803278689,0.446808510638,0.530612244898,0.526315789474,0.45,0.522727272727,0.480769230769,0.553571428571,0.428571428571,0.42,0.46875,0.491228070175,0.403846153846,0.425925925926,0.491525423729,0.625,0.447368421053,0.333333333333,0.538461538462,0.512820512821,0.463414634146,0.608695652174,0.537037037037,0.433962264151,0.513513513514,0.684210526316,0.548387096774,0.542372881356,0.545454545455,0.36170212766,0.619047619048,0.654545454545,0.608695652174,0.586956521739,0.590909090909,0.589743589744,0.462962962963,0.433962264151,0.375,0.475409836066,0.488888888889,0.5,0.44,0.433333333333,0.5,0.490196078431,0.585365853659,0.52380952381,0.473684210526,0.464285714286,0.358490566038,0.52380952381,0.457627118644,0.456140350877,0.658536585366,0.42,0.462962962963,0.551020408163,0.508771929825,0.508771929825,0.592592592593,0.622641509434,0.436363636364,0.5,0.473684210526,0.442307692308,0.480769230769,0.559322033898,0.520833333333,0.509090909091,0.438596491228,0.725490196078,0.479166666667,0.5625,0.472727272727,0.644444444444,0.404255319149,0.407407407407,0.4375,0.416666666667,0.508771929825,0.530303030303,0.51724137931,0.391304347826,0.511627906977,0.52,0.481012658228,0.514705882353,0.434782608696,0.5,0.409090909091,0.553191489362,0.448979591837,0.510204081633,0.535714285714,0.603448275862,0.571428571429,0.583333333333,0.424242424242,0.5,0.470588235294,0.47619047619,0.488888888889,0.547169811321,0.466666666667,0.448275862069,0.553191489362,0.633333333333,0.394736842105,0.647058823529,0.452380952381,0.489795918367,0.5,0.586206896552,0.568181818182,0.5,0.482142857143,0.477611940299,0.59649122807,0.458333333333,0.52,0.47619047619,0.522727272727,0.512820512821,0.439024390244,0.630434782609,0.5,0.52380952381,0.44262295082,0.425,0.333333333333,0.515625,0.461538461538,0.46,0.508771929825,0.56862745098,0.508474576271,0.5,0.543859649123,0.416666666667,0.424242424242,0.468085106383,0.540540540541,0.511111111111,0.388888888889,0.408163265306,0.380952380952,0.471698113208,0.468085106383,0.479166666667,0.586206896552,0.47619047619,0.508474576271,0.520833333333,0.372549019608,0.294117647059,0.454545454545,0.595238095238,0.470588235294,0.521739130435,0.466666666667,0.583333333333,0.481481481481,0.538461538462,0.342105263158,0.557692307692,0.456140350877,0.545454545455,0.533333333333,0.535714285714,0.529411764706,0.534482758621,0.525423728814,0.566037735849,0.581395348837,0.45652173913,0.509090909091,0.489795918367,0.483870967742,0.52380952381,0.511111111111,0.524590163934,0.553571428571,0.581818181818,0.53488372093,0.519230769231,0.470588235294,0.492753623188,0.439024390244,0.407407407407,0.66,0.525423728814,0.584905660377,0.6,0.515151515152,0.540540540541,0.590909090909,0.7,0.6,0.574074074074,0.428571428571,0.393939393939,0.377358490566,0.478260869565,0.492753623188,0.522727272727,0.46875,0.454545454545,0.52380952381,0.482142857143,0.380952380952,0.478260869565,0.483333333333,0.574074074074,0.516666666667,0.48,0.452380952381,0.432432432432,0.441860465116,0.564516129032,0.535211267606,0.483333333333,0.468085106383,0.5,0.404761904762,0.464285714286,0.547169811321,0.58064516129,0.425925925926,0.491228070175,0.772727272727,0.395348837209,0.357142857143,0.368421052632,0.634146341463,0.402985074627,0.454545454545,0.518518518519,0.62,0.489795918367,0.552631578947,0.409090909091,0.490566037736,0.42,0.375,0.45652173913,0.369565217391,0.428571428571,0.6,0.581818181818,0.5,0.565217391304,0.475,0.529411764706,0.521739130435,0.5,0.428571428571,0.5,0.574468085106,0.553571428571,0.466666666667,0.410256410256,0.378378378378,0.53488372093,0.473684210526,0.58064516129,0.434782608696,0.4,0.545454545455,0.463414634146,0.604651162791,0.463414634146,0.586206896552,0.53125,0.5625,0.52,0.466666666667,0.489361702128,0.483870967742,0.533333333333,0.491228070175,0.641025641026,0.574468085106,0.5,0.480769230769,0.52380952381,0.508771929825,0.526315789474,0.575342465753,0.544117647059,0.557692307692,0.6,0.586956521739,0.617021276596,0.661016949153,0.62962962963,0.591836734694,0.697674418605,0.72,0.4375,0.553191489362,0.561403508772,0.54,0.425925925926,0.618181818182,0.511627906977,0.462962962963,0.490909090909,0.555555555556,0.462962962963,0.365384615385,0.440677966102,0.541666666667,0.536585365854,0.555555555556,0.5,0.469387755102,0.462962962963,0.547169811321,0.352941176471,0.423076923077,0.534482758621,0.477272727273,0.4375,0.590909090909,0.472727272727,0.475409836066,0.510204081633,0.479166666667,0.652173913043,0.530303030303,0.566037735849,0.568181818182,0.539682539683,0.508771929825,0.477272727273,0.517857142857,0.619047619048,0.392156862745,0.42,0.555555555556,0.444444444444,0.488372093023,0.625,0.351351351351,0.777777777778,0.5,0.524590163934,0.438596491228,0.428571428571,0.547619047619,0.58,0.38,0.514285714286,0.413333333333,0.4375,0.539682539683,0.590909090909,0.451612903226,0.6,0.458333333333,0.555555555556,0.581395348837,0.509090909091,0.5625,0.421875,0.553191489362,0.444444444444,0.619047619048,0.576923076923,0.648648648649,0.464285714286,0.526315789474,0.555555555556,0.560975609756,0.566666666667,0.491525423729,0.584905660377,0.454545454545,0.558139534884,0.452380952381,0.552631578947,0.5,0.46511627907,0.446808510638,0.48275862069,0.555555555556,0.53488372093,0.543859649123,0.442307692308,0.371428571429,0.423728813559,0.530612244898,0.510204081633,0.4375,0.4,0.413043478261,0.48275862069,0.525423728814,0.559322033898,0.564516129032,0.483870967742,0.453125,0.5,0.4375,0.423728813559,0.477272727273,0.483333333333,0.608695652174,0.442307692308,0.413793103448,0.54347826087,0.490909090909,0.470588235294,0.6,0.484848484848,0.285714285714,0.595238095238,0.560975609756,0.581395348837,0.533333333333,0.36,0.518518518519,0.454545454545,0.652173913043,0.45652173913,0.451612903226,0.711111111111,0.5,0.43137254902,0.516129032258,0.448979591837,0.541666666667,0.454545454545,0.421052631579,0.428571428571,0.487179487179,0.431818181818,0.446808510638,0.410256410256,0.818181818182,0.469387755102,0.444444444444,0.54347826087,0.489361702128,0.518518518519,0.444444444444,0.54347826087,0.409090909091,0.393442622951,0.315789473684,0.431818181818,0.462962962963,0.46875,0.5,0.491525423729,0.333333333333,0.521739130435,0.5625,0.5,0.52380952381,0.473684210526,0.483333333333,0.59649122807,0.450980392157,0.473684210526,0.439024390244,0.647058823529,0.481481481481,0.583333333333,0.418604651163,0.452380952381,0.458333333333,0.391304347826,0.435483870968,0.490909090909,0.368421052632,0.596153846154,0.489361702128,0.442307692308,0.393939393939,0.410714285714,0.65306122449,0.589285714286,0.508474576271,0.44,0.490196078431,0.585365853659,0.563636363636,0.536585365854,0.486486486486,0.472727272727,0.428571428571,0.5,0.45,0.45,0.372549019608,0.486486486486,0.542372881356,0.58,0.508771929825,0.444444444444,0.452380952381,0.516129032258,0.491525423729,0.525,0.642857142857,0.512195121951,0.5,0.518518518519,0.581818181818,0.567164179104,0.5,0.472727272727,0.547169811321,0.538461538462,0.333333333333,0.6,0.358974358974,0.408163265306,0.576271186441,0.536585365854,0.490909090909,0.595744680851,0.450980392157,0.385714285714,0.533333333333,0.5,0.461538461538,0.530612244898,0.421052631579,0.571428571429,0.478260869565,0.571428571429,0.38,0.490196078431,0.439393939394,0.527777777778,0.46,0.490196078431,0.488372093023,0.611111111111,0.520833333333,0.479166666667,0.461538461538,0.508474576271,0.491228070175,0.363636363636,0.487179487179,0.48275862069,0.406779661017,0.380952380952,0.642857142857,0.421052631579,0.55,0.519230769231,0.555555555556,0.512195121951,0.543859649123,0.594594594595,0.489361702128,0.561403508772,0.510204081633,0.510638297872,0.566666666667,0.684210526316,0.63829787234,0.42,0.448979591837,0.52,0.47619047619,0.514285714286,0.333333333333,0.477272727273,0.454545454545,0.428571428571,0.46875,0.417910447761,0.452380952381,0.35,0.365853658537,0.473684210526,0.392156862745,0.613636363636,0.595238095238,0.571428571429,0.357142857143,0.475,0.431818181818,0.56862745098,0.428571428571,0.438596491228,0.530612244898,0.395833333333,0.511111111111,0.596153846154,0.405405405405,0.476923076923,0.5,0.5,0.511627906977,0.509803921569,0.421052631579,0.4,0.369565217391,0.5,0.479166666667,0.630434782609,0.565217391304,0.530612244898,0.530303030303,0.611111111111,0.521739130435,0.527777777778,0.569230769231,0.481481481481,0.518518518519,0.45652173913,0.418604651163,0.416666666667,0.3,0.422222222222,0.551020408163,0.5,0.685714285714,0.578947368421,0.545454545455,0.577777777778,0.46,0.46875,0.411764705882,0.590909090909,0.351851851852,0.42,0.574468085106,0.531914893617,0.666666666667,0.529411764706,0.538461538462,0.416666666667,0.434782608696,0.462962962963,0.522388059701,0.433962264151,0.583333333333,0.53125,0.537313432836,0.555555555556,0.448979591837,0.552631578947,0.43137254902,0.43137254902,0.510204081633,0.472727272727,0.483870967742,0.586206896552,0.584905660377,0.46511627907,0.470588235294,0.509433962264,0.611111111111,0.455882352941,0.657894736842,0.470588235294,0.531914893617,0.439393939394,0.346153846154,0.489795918367,0.838709677419,0.565217391304,0.425925925926,0.509433962264,0.547619047619,0.339622641509,0.551724137931,0.408163265306,0.440677966102,0.421052631579,0.435483870968,0.425925925926,0.578125,0.4,0.508196721311,0.534482758621,0.6,0.574468085106,0.5,0.403846153846,0.567567567568,0.52,0.672413793103,0.677419354839,0.520833333333,0.58,0.490196078431,0.555555555556,0.441176470588,0.492753623188,0.5,0.477272727273,0.551020408163,0.530612244898,0.537037037037,0.488372093023,0.5,0.468085106383,0.529411764706,0.589285714286,0.555555555556,0.526315789474,0.576923076923,0.602941176471,0.566037735849,0.538461538462,0.363636363636,0.644444444444,0.470588235294,0.470588235294,0.454545454545,0.454545454545,0.47619047619,0.537037037037,0.434782608696,0.545454545455,0.53488372093,0.358974358974,0.508196721311,0.5625,0.69387755102,0.578947368421,0.5,0.530303030303,0.611111111111,0.382978723404,0.52380952381,0.55223880597,0.551020408163,0.530612244898,0.396226415094,0.6,0.52,0.490566037736,0.5,0.565217391304,0.488888888889,0.462962962963,0.438596491228,0.45,0.596153846154,0.480769230769,0.584615384615,0.454545454545,0.491803278689,0.348837209302,0.547169811321,0.551020408163,0.54347826087,0.473684210526,0.318181818182,0.4,0.473684210526,0.4,0.745454545455,0.458333333333,1.0,1.0,0.46511627907,0.478260869565,0.613636363636,0.613636363636,0.603448275862,0.462962962963,0.395348837209,0.484848484848,0.620689655172,0.511627906977,0.475409836066,0.448979591837,0.531914893617,0.545454545455,0.5,0.434782608696,0.358490566038,0.58,0.651162790698,0.644444444444,0.543859649123,0.40350877193,0.519230769231,0.473684210526,0.520833333333,0.555555555556,0.446808510638,0.525,0.458333333333,0.524590163934,0.64,0.444444444444,0.538461538462,0.659574468085,0.462962962963,0.472222222222,0.444444444444,0.490566037736,0.439024390244,0.558139534884,0.490566037736,0.65306122449,0.533333333333,0.5,0.592592592593,0.507246376812,0.583333333333,0.518518518519,0.578947368421,0.404255319149,0.440677966102,0.411764705882,0.575,0.517857142857,0.35,0.581818181818,0.489361702128,0.54347826087,0.619047619048,0.625,0.5,0.435897435897,0.47619047619,0.531914893617,0.5,0.653846153846,0.542857142857,0.4,0.5,0.454545454545,0.47619047619,0.551724137931,0.59375,0.604651162791,0.508474576271,0.448979591837,0.571428571429,0.466666666667,0.527272727273,0.436363636364,0.454545454545,0.481481481481,0.464285714286,0.433333333333,0.48,0.5,0.480769230769,0.395348837209,0.525423728814,0.533333333333,0.586956521739,0.58,0.377777777778,0.525,0.65,0.480769230769,0.5,0.574468085106,0.5,0.485294117647,0.603773584906,0.55,0.473684210526,0.511627906977,0.514285714286,0.5,0.559322033898,0.578947368421,0.577777777778,0.6,0.444444444444,0.533333333333,0.461538461538,0.590909090909,0.425531914894,0.423728813559,0.547619047619,0.279069767442,0.462962962963,0.396226415094,0.403846153846,0.553191489362,0.414634146341,0.446808510638,0.367346938776,0.382352941176,0.527777777778,0.415094339623,0.457627118644,0.553571428571,0.486486486486,0.568181818182,0.431818181818,0.522727272727,0.513513513514,0.489361702128,0.5,0.477272727273,0.448979591837,0.511111111111,0.518518518519,0.68,0.47619047619,0.45,0.487804878049,0.511627906977,0.416666666667,0.565217391304,0.428571428571,0.536585365854,0.46511627907,0.558823529412,0.605263157895,0.5,0.588235294118,0.5,0.685714285714,0.487804878049,0.514285714286,0.485714285714,0.52,0.538461538462,0.585365853659,0.568181818182,0.519230769231,0.5,0.410256410256,0.565217391304,0.619047619048,0.604166666667,0.451612903226,0.473684210526,0.263157894737,0.535714285714,0.473684210526,0.468085106383,0.44262295082,0.446808510638,0.526315789474,0.466666666667,0.486486486486,0.354166666667,0.482142857143,0.46,0.540540540541,0.520833333333,0.418604651163,0.44262295082,0.466666666667,0.609756097561,0.642857142857,0.468085106383,0.530612244898,0.45,0.48,0.585365853659,0.457142857143,0.387755102041,0.6,0.52380952381,0.519230769231,0.666666666667,0.526315789474,0.5,0.436363636364,0.578947368421,0.45652173913,0.4,0.666666666667,0.441860465116,0.548387096774,0.404761904762,0.388888888889,0.36,0.463414634146,0.6,0.487804878049,0.5,0.491803278689,0.458333333333,0.52380952381,0.526315789474,0.491525423729,0.575,0.522727272727,0.454545454545,0.351351351351,0.619047619048,0.574074074074,0.446428571429,0.428571428571,0.588235294118,0.596153846154,0.547619047619,0.38,0.520833333333,0.5,0.375,0.438596491228,0.5,0.5,0.450980392157,0.509090909091,0.558823529412,0.447368421053,0.435897435897,0.553191489362,0.55,0.481481481481,0.390243902439,0.490196078431,0.481481481481,0.490196078431,0.421875,0.418604651163,0.529411764706,0.547169811321,0.519230769231,0.36170212766,0.365853658537,0.448275862069,0.576923076923,0.4375,0.454545454545,0.4375,0.433333333333,0.511627906977,0.484848484848,0.545454545455,0.483333333333,0.510204081633,0.394736842105,0.432835820896,0.586956521739,0.584905660377,0.326530612245,0.58,0.489795918367,0.459459459459,0.54347826087,0.589743589744,0.581818181818,0.542372881356,0.465517241379,0.452380952381,0.416666666667,0.489361702128,0.514285714286,0.529411764706,0.48275862069,0.6,0.568965517241,0.475,0.457627118644,0.533333333333,0.395833333333,0.666666666667,0.509433962264,0.571428571429,0.540983606557,0.56,0.5,0.5,0.533333333333,0.5,0.470588235294,0.541666666667,0.450980392157,0.549019607843,0.463414634146,0.377777777778,0.45652173913,0.433962264151,0.3125,0.521739130435,0.571428571429,0.473684210526,0.521739130435,0.511111111111,0.47619047619,0.5,0.526315789474,0.594594594595,0.521739130435,0.557692307692,0.553571428571,0.586956521739,0.44,0.525,0.636363636364,0.518518518519,0.431818181818,0.583333333333,0.536585365854,0.461538461538,0.342105263158,0.5,0.441860465116,0.4,0.38,0.375,0.377358490566,0.54,0.520833333333,0.35,0.5625,0.611111111111,0.529411764706,0.458333333333,0.477272727273,0.594594594595,0.489795918367,0.482142857143,0.413793103448,0.514285714286,0.410256410256,0.450980392157,0.507936507937,0.533333333333,0.488888888889,0.440677966102,0.378378378378,0.967741935484,0.5,0.54,0.528301886792,0.609756097561,0.446428571429,0.54347826087,0.578947368421,0.537037037037,0.461538461538,0.431818181818,0.566037735849,0.5,0.666666666667,0.533333333333,0.462962962963,0.4,0.5,0.471428571429,0.529411764706,0.454545454545,0.481481481481,0.459459459459,0.418604651163,0.5,0.428571428571,0.533333333333,0.381818181818,0.536585365854,0.538461538462,0.43137254902,0.452830188679,0.479166666667,0.675,0.490196078431,0.540983606557,0.45652173913,0.5,0.441860465116,0.590909090909,0.390243902439,0.463414634146,0.392156862745,0.481481481481,0.620689655172,0.440677966102,0.536585365854,0.5,0.462962962963,0.490566037736,0.563636363636,0.489361702128,0.512820512821,0.666666666667,0.512820512821,0.454545454545,0.434782608696,0.459459459459,0.577777777778,0.511111111111,0.577777777778,0.454545454545,0.521739130435,0.418604651163,0.450980392157,0.519230769231,0.441860465116,0.513513513514,0.540540540541,0.6,0.393939393939,0.468085106383,0.695652173913,0.466666666667,0.641025641026,0.533333333333,0.433333333333,0.586956521739,0.351351351351,0.512195121951,0.372093023256,0.348837209302,0.654545454545,0.5,0.589743589744,0.492537313433,0.434782608696,0.62,0.473684210526,0.540540540541,0.442307692308,0.491228070175,0.459016393443,0.510204081633,0.5,0.604166666667,0.4,0.395833333333,0.489361702128,0.468085106383,0.475,0.405405405405,0.490909090909,0.424242424242,0.592592592593,0.658536585366,0.547619047619,0.444444444444,1.0,0.58064516129,0.574468085106,0.574468085106,0.521739130435,0.507936507937,0.53488372093,0.384615384615,0.641025641026,0.59375,0.444444444444,0.363636363636,0.444444444444,0.5625,0.472222222222,0.415094339623,0.5,0.479166666667,0.428571428571,0.410256410256,0.515151515152,0.424242424242,0.53488372093,0.389830508475,0.571428571429,0.517857142857,0.588235294118,0.509433962264,0.45652173913,0.488888888889,0.553191489362,0.525423728814,0.428571428571,0.512195121951,0.428571428571,0.5,0.45652173913,0.462962962963,0.5,0.475,0.512820512821,0.532258064516,0.475,0.444444444444,0.609756097561,0.3125,0.428571428571,0.464285714286,0.479166666667,0.510204081633,0.627450980392,0.591836734694,0.5,0.59375,0.4,0.413793103448,0.422222222222,0.541666666667,0.510638297872,0.46511627907,0.481481481481,0.54347826087,0.545454545455,0.575,0.536585365854,0.474576271186,0.5,0.5,0.560975609756,0.587301587302,0.581395348837,0.461538461538,0.604166666667,0.585365853659,0.469387755102,0.557692307692,0.511627906977,0.454545454545,0.5,0.462962962963,0.408450704225,0.384615384615,0.468085106383,0.416666666667,0.541666666667,0.46875,0.48275862069,0.467741935484,0.507246376812,0.510204081633,0.478260869565,0.362068965517,0.5,0.416666666667,0.526315789474,0.534482758621,0.444444444444,0.347826086957,0.4,0.4375,0.552631578947,0.5,0.451612903226,0.513888888889,0.448979591837,0.448275862069,0.479166666667,0.490909090909,0.452830188679,0.637931034483,0.486486486486,0.434782608696,0.472222222222,0.458333333333,0.5,0.387755102041,0.45652173913,0.425531914894,0.431818181818,0.522727272727,0.428571428571,0.634146341463,0.5,0.469696969697,0.456140350877,0.529411764706,0.375,0.486486486486,0.526315789474,0.5,0.619047619048,0.46,0.470588235294,0.456140350877,0.474576271186,0.584905660377,0.541666666667,0.634146341463,0.5,0.454545454545,0.53488372093,0.457142857143,0.434782608696,0.593220338983,0.588235294118,0.567567567568,0.463414634146,0.577777777778,0.515151515152,0.484848484848,0.428571428571,0.625,0.636363636364,0.53125,0.5,0.538461538462,0.375,0.551020408163,0.53488372093,0.409090909091,0.485714285714,0.384615384615,0.463414634146,0.549019607843,0.467741935484,0.55,0.520833333333,0.432432432432,0.413043478261,0.363636363636,0.657894736842,0.52380952381,0.578947368421,0.675,0.509090909091,0.52,0.567567567568,0.464285714286,0.333333333333,0.481481481481,0.344827586207,0.547169811321,0.540983606557,0.488888888889,0.461538461538,0.528301886792,0.418604651163,0.511111111111,0.522727272727,0.439393939394,0.441860465116,0.571428571429,0.4,0.574468085106,0.520833333333,0.333333333333,0.428571428571,0.571428571429,0.470588235294,0.46511627907,0.486486486486,0.536585365854,0.406779661017,0.537037037037,0.52380952381,0.463414634146,0.490196078431,0.469387755102,0.548387096774,0.5,0.641025641026,0.5,0.490196078431,0.491228070175,0.526315789474,0.529411764706,0.5,0.452380952381,0.641509433962,0.557692307692,0.512820512821,0.540540540541,0.538461538462,0.431818181818,0.360655737705,0.481481481481,0.638888888889,0.512195121951,0.509803921569,0.55,0.512820512821,0.485714285714,0.636363636364,0.538461538462,0.5,0.484375,0.510638297872,0.428571428571,0.508196721311,0.355555555556,0.5,0.666666666667,0.43137254902,0.414634146341,0.425,0.412698412698,0.553191489362,0.6,0.454545454545,0.35,0.473684210526,0.6,0.450980392157,0.48,0.444444444444,0.533333333333,0.573770491803,0.47619047619,0.5,0.617021276596,0.431818181818,0.5,0.636363636364,0.411764705882,0.472222222222,0.5,0.45,0.452830188679,0.527272727273,0.405405405405,0.447368421053,0.727272727273,0.410714285714,0.451612903226,0.5,0.529411764706,0.396226415094,0.577777777778,0.411764705882,0.406779661017,0.431034482759,0.516129032258,0.508196721311,0.5,0.592592592593,0.615384615385,0.58,0.5,0.569230769231,0.423076923077,0.6,0.578125,0.526315789474,0.470588235294,0.279069767442,0.527777777778,0.347826086957,0.484848484848,0.413043478261,0.375,0.347826086957,0.418604651163,0.431818181818,0.517857142857,0.490566037736,0.540983606557,0.538461538462,0.490196078431,0.509803921569,0.490196078431,0.586206896552,0.565217391304,0.304347826087,0.586956521739,0.44,0.5,0.396551724138,0.491803278689,0.516129032258,0.777777777778,0.470588235294,0.525423728814,0.492957746479,0.594594594595,0.487179487179,0.52380952381,0.590909090909,0.492537313433,0.576271186441,0.597014925373,0.59375,0.464285714286,0.56862745098,0.54,0.492307692308,0.541666666667,0.607843137255,0.54347826087,0.575342465753,0.510638297872,0.428571428571,0.575757575758,0.466666666667,0.46,0.489795918367,0.674418604651,0.593220338983,0.545454545455,0.470588235294,0.540540540541,0.515151515152,0.450980392157,0.522727272727,0.581395348837,0.451612903226,0.489361702128,0.512820512821,0.515151515152,0.365384615385,0.304347826087,0.574468085106,0.5,0.519230769231,0.444444444444,0.489361702128,0.474576271186,0.36170212766,0.434782608696,0.566037735849,0.517857142857,0.531914893617,0.583333333333,0.577777777778,0.436363636364,0.464285714286,0.395348837209,0.377358490566,0.5,0.545454545455,0.536585365854,0.428571428571,0.525,0.5,0.469387755102,0.377358490566,0.487804878049,0.421052631579,0.487804878049,0.620689655172,0.454545454545,0.52380952381,0.51724137931,0.418181818182,0.46,0.525,0.545454545455,0.5,0.512820512821,0.537037037037,0.508771929825,0.361111111111,0.526315789474,0.418604651163,0.542372881356,0.444444444444,0.557692307692,0.581818181818,0.658536585366,0.551020408163,0.54347826087,0.6,0.52,0.508474576271,0.517857142857,0.551724137931,0.457627118644,0.416666666667,0.444444444444,0.5,0.480769230769,0.461538461538,0.388888888889,0.625,0.58,0.512195121951,0.442307692308,0.5,0.456140350877,0.47619047619,0.64406779661,0.542857142857,0.52,0.548387096774,0.488888888889,0.490196078431,0.5,0.555555555556,0.5,0.473684210526,0.490909090909,0.454545454545,0.5,0.432432432432,0.509090909091,0.425,0.457627118644,0.425925925926,0.466666666667,0.462962962963,0.474576271186,0.520833333333,0.5,0.53488372093,0.490909090909,0.454545454545,0.524590163934,0.536585365854,0.456140350877,0.5,0.564102564103,0.42,0.422222222222,0.536585365854,0.461538461538,0.448979591837,0.409090909091,0.577777777778,0.528301886792,0.509433962264,0.492063492063,0.355555555556,0.545454545455,0.436363636364,0.404761904762,0.529411764706,0.478260869565,0.46511627907,0.55,0.53488372093,0.469387755102,0.5,0.37037037037,0.45,0.375,0.5,0.482142857143,0.571428571429,0.755555555556,0.333333333333,0.531914893617,0.543859649123,0.555555555556,0.490566037736,0.5,0.53125,0.36,0.5,0.444444444444,0.451612903226,0.522727272727,0.461538461538,0.625,0.574468085106,0.514285714286,0.368421052632,0.41935483871,0.44262295082,0.408163265306,0.577777777778,0.5,0.702702702703,0.583333333333,0.558823529412,0.6,0.468085106383,0.5,0.522727272727,0.442307692308,0.377358490566,0.540983606557,0.571428571429,0.571428571429,0.44,0.511627906977,0.6,0.461538461538,0.388888888889,0.392857142857,0.538461538462,0.40625,0.512820512821,0.469387755102,0.481481481481,0.428571428571,0.557692307692,0.416666666667,0.563636363636,0.62,0.578947368421,0.614035087719,0.47619047619,0.510638297872,0.59375,0.461538461538,0.4375,0.458333333333,0.5,0.444444444444,0.394736842105,0.38,0.511627906977,0.469387755102,0.431818181818,0.463414634146,0.363636363636,0.388888888889,0.333333333333,0.564102564103,0.358974358974,0.461538461538,0.4,0.707692307692,0.541666666667,0.431818181818,0.487179487179,0.4375,0.540983606557,0.489361702128,0.5,0.511111111111,0.409090909091,0.5,0.588235294118,0.508474576271,0.416666666667,0.461538461538,0.379310344828,0.4,0.428571428571,0.309523809524,0.509090909091,0.6,0.396551724138,0.409090909091,0.566037735849,0.557692307692,0.673469387755,0.372093023256,0.512820512821,0.535714285714,0.5,0.58,0.459016393443,0.631578947368,0.446428571429,0.571428571429,0.555555555556,0.507936507937,0.535714285714,0.5,0.6,0.5625,0.533333333333,0.534482758621,0.538461538462,0.508771929825,0.588235294118,0.620689655172,0.405405405405,0.285714285714,0.513513513514,0.519230769231,0.5,0.512195121951,0.490909090909,0.689655172414,0.444444444444,0.632653061224,0.566037735849,0.45,0.395348837209,0.48,0.542857142857,0.555555555556,0.595744680851,0.435897435897,0.452380952381,0.309523809524,0.471698113208,0.65306122449,0.307692307692,0.525,0.45652173913,0.593220338983,0.538461538462,0.388888888889,0.488372093023,0.54,0.510638297872,0.448979591837,0.327868852459,0.55737704918,0.547169811321,0.509803921569,0.43137254902,0.450980392157,0.46875,0.58,0.58064516129,0.5,0.440677966102,0.418604651163,0.5,0.469387755102,0.574468085106,0.428571428571,0.520833333333,0.560975609756,0.52,0.384615384615,0.478260869565,0.558139534884,0.489361702128,0.547169811321,0.555555555556,0.622222222222,0.380952380952,0.775,0.565217391304,0.36170212766,0.5,0.428571428571,0.469387755102,0.358974358974,0.510638297872,0.595238095238,0.571428571429,0.524590163934,0.4375,0.4375,0.575,0.534482758621,0.510638297872,0.45,0.4,0.631578947368,0.428571428571,0.48,0.522727272727,0.473684210526,0.563636363636,0.387755102041,0.435483870968,0.677966101695,0.526315789474,0.409090909091,0.5,0.413043478261,0.571428571429,0.542372881356,0.377777777778,0.425,0.442307692308,0.54,0.605263157895,0.654545454545,0.3125,0.434782608696,0.490566037736,0.55,0.575757575758,0.51724137931,0.4375,0.404255319149,0.576923076923,0.560975609756,0.463414634146,0.607843137255,0.659090909091,0.69696969697,0.558823529412,0.45,0.5,0.511111111111,0.510204081633,0.4,0.363636363636,0.466666666667,0.520833333333,0.410256410256,0.645833333333,0.484848484848,0.590909090909,0.43137254902,0.527272727273,0.48,0.448275862069,0.477272727273,0.475,0.595744680851,0.508474576271,0.466666666667,0.416666666667,0.46,0.525,0.452830188679,0.435897435897,0.473684210526,0.40625,0.46,0.584905660377,0.545454545455,0.53125,0.446428571429,0.686274509804,0.577777777778,0.416666666667,0.596153846154,0.473684210526,0.564102564103,0.555555555556,0.566037735849,0.578947368421,0.521739130435,0.518518518519,0.390243902439,0.404255319149,0.509090909091,0.6,0.54,0.586206896552,0.694915254237,0.586956521739,0.54347826087,0.676470588235,0.538461538462,0.622641509434,0.489361702128,0.461538461538,0.590909090909,0.436363636364,0.435897435897,0.454545454545,0.547169811321,0.566037735849,0.404761904762,0.478260869565,0.524590163934,0.565217391304,0.565217391304,0.645161290323,0.454545454545,0.509433962264,0.551724137931,0.484848484848,0.457142857143,0.457142857143,0.486486486486,0.490566037736,0.422222222222,0.409836065574,0.3125,0.410256410256,0.525423728814,0.596153846154,0.555555555556,0.508771929825,0.55,0.536585365854,0.489795918367,0.533333333333,0.516129032258,0.53488372093,0.488888888889,0.475,0.533333333333,0.510638297872,0.409090909091,0.547619047619,0.534482758621,0.7,0.679245283019,0.642857142857,0.576271186441,0.63829787234,0.622222222222,0.5,0.5,0.520833333333,0.413043478261,0.62,0.510638297872,0.5,0.53488372093,0.468085106383,0.5,0.510638297872,0.520833333333,0.714285714286,0.560975609756,0.450980392157,0.576923076923,0.54,0.515625,0.530303030303,0.558139534884,0.58,0.561403508772,0.473684210526,0.487804878049,0.444444444444,0.513513513514,0.45652173913,0.380952380952,0.4,0.475,0.53488372093,0.625,0.56,0.5,0.575,0.666666666667,0.466666666667,0.647058823529,0.625,0.340425531915,0.666666666667,0.477272727273,0.466666666667,0.41935483871,0.48275862069,0.45,0.58,0.489795918367,0.547169811321,0.540983606557,0.537037037037,0.456140350877,0.607843137255,0.462962962963,0.47619047619,0.527272727273,0.5,0.461538461538,0.553571428571,0.387755102041,0.566037735849,0.416666666667,0.55,0.589743589744,0.466666666667,0.320754716981,0.565217391304,0.526315789474,0.538461538462,0.474576271186,0.551020408163,0.475,0.548387096774,0.46511627907,0.4375,0.53488372093,0.464285714286,0.626865671642,0.5,0.52380952381,0.509803921569,0.478260869565,0.586956521739,0.462962962963,0.368421052632,0.538461538462,0.409090909091,0.4,0.5,0.555555555556,0.576923076923,0.527272727273,0.428571428571,0.509090909091,0.6,0.644444444444,0.606060606061,0.578947368421,0.458333333333,0.483333333333,0.561403508772,0.6,0.5,0.658536585366,0.489361702128,0.431034482759,0.434782608696,0.576923076923,0.488888888889,0.483870967742,0.444444444444,0.509803921569,0.508771929825,0.588235294118,0.611111111111,0.40625,0.462962962963,0.47619047619,0.490566037736,0.514285714286,0.469387755102,0.565217391304,0.40350877193,0.574468085106,0.508474576271,0.522727272727,0.435483870968,0.604166666667,0.404761904762,0.481481481481,0.409090909091,0.421052631579,0.557692307692,0.6,0.488888888889,0.410714285714,0.581395348837,0.58,0.591836734694,0.6,0.363636363636,0.568965517241,0.592592592593,0.5,0.530612244898,0.5,0.5,0.577777777778,0.536585365854,0.510638297872,0.548387096774,0.551020408163,0.478260869565,0.472727272727,0.5,0.491803278689,0.586956521739,0.48275862069,0.5,0.612244897959,0.521739130435,0.46,0.5,0.558139534884,0.46875,0.568181818182,0.466666666667,0.416666666667,0.452380952381,0.489795918367,0.555555555556,0.533333333333,0.395833333333,0.395348837209,0.5,0.589285714286,0.35,0.285714285714,0.536585365854,0.54347826087,0.54347826087,0.432432432432,0.6,0.6,0.473684210526,0.463414634146,0.453125,0.358974358974,0.508771929825,0.436363636364,0.450980392157,0.433962264151,0.508474576271,0.5,0.58,0.466666666667,0.547169811321,0.588235294118,0.56862745098,0.537037037037,0.583333333333,0.530612244898,0.444444444444,0.563636363636,0.589285714286,0.53488372093,0.508474576271,0.581395348837,0.387755102041,0.632653061224,0.377777777778,0.384615384615,0.479166666667,0.5,0.4375,0.377049180328,0.530612244898,0.448979591837,0.404255319149,0.448275862069,0.586956521739,0.487179487179,0.421052631579,0.515151515152,0.522727272727,0.521739130435,0.585365853659,0.450980392157,0.463414634146,0.641025641026,0.4,0.508474576271,0.530612244898,0.51724137931,0.30303030303,0.377777777778,0.5,0.666666666667,0.512820512821,0.452380952381,0.35,0.509433962264,0.509090909091,0.619047619048,0.511627906977,0.625,0.46,0.53125,0.555555555556,0.557692307692,0.54,0.489361702128,0.5,0.450704225352,0.604166666667,0.583333333333,0.538461538462,0.384615384615,0.483870967742,0.545454545455,0.40350877193,0.52380952381,0.510638297872,0.348837209302,0.448979591837,0.436363636364,0.5,0.547169811321,0.416666666667,0.472727272727,0.566666666667,0.488372093023,0.573770491803,0.510638297872,0.595238095238,0.566666666667,0.619047619048,0.448979591837,0.575,0.586956521739,0.462962962963,0.571428571429,0.5625,0.516129032258,0.5,0.525,0.454545454545,0.62,0.549019607843,0.630434782609,0.586956521739,0.573770491803,0.510638297872,0.416666666667,0.530612244898,0.47619047619,0.5,0.474576271186,0.5,0.466666666667,0.5,0.487179487179,0.447368421053,0.391304347826,0.3125,0.5,0.416666666667,0.538461538462,0.388888888889,0.581395348837,0.551020408163,0.52,0.533333333333,0.603773584906,0.411764705882,0.535714285714,0.571428571429,0.571428571429,0.489795918367,0.571428571429,0.535714285714,0.28125,0.625,0.466666666667,0.525,0.491803278689,0.534482758621,0.56862745098,0.592592592593,0.625,0.489361702128,0.5,0.603773584906,0.566037735849,0.571428571429,0.575757575758,0.585365853659,0.470588235294,0.609756097561,0.509803921569,0.438596491228,0.58064516129,0.577777777778,0.511627906977,0.586206896552,0.681818181818,0.641025641026,0.603773584906,0.478873239437,0.568965517241,0.588235294118,0.634615384615,0.442307692308,0.415094339623,0.452830188679,0.589285714286,0.542372881356,0.4,0.5,0.596774193548,0.622950819672,0.514285714286,0.444444444444,0.477272727273,0.553571428571,0.446808510638,0.534482758621,0.458333333333,0.428571428571,0.440677966102,0.604651162791,0.508196721311,0.469387755102,0.411764705882,0.541666666667,0.4,0.446808510638,0.5,0.454545454545,0.615384615385,0.307692307692,0.516666666667,0.5625,0.372549019608,0.549019607843,0.508771929825,0.452380952381,0.441176470588,0.452380952381,0.527272727273,0.637931034483,0.527777777778,0.390243902439,0.489795918367,0.5,0.325581395349,0.483870967742,0.390243902439,0.371428571429,0.441176470588,0.592592592593,0.510204081633,0.589285714286,0.581395348837,0.413043478261,0.514285714286,0.446808510638,0.51724137931,0.515151515152,0.547169811321,0.594594594595,0.43137254902,0.558139534884,0.469387755102,0.584615384615,0.285714285714,0.585365853659,0.547169811321,0.479166666667,0.448979591837,0.4,0.463414634146,0.488888888889,0.488372093023,0.5,0.487804878049,0.390243902439,0.432432432432,0.428571428571,0.382978723404,0.406779661017,0.5,0.5,0.531914893617,0.5,0.611111111111,0.527777777778,0.5,0.529411764706,0.486486486486,0.464285714286,0.481481481481,0.583333333333,0.621621621622,0.380952380952,0.56,0.508196721311,0.486486486486,0.5625,0.591836734694,0.576271186441,0.560606060606,0.573770491803,0.538461538462,0.432432432432,0.565217391304,0.576923076923,0.604651162791,0.52380952381,0.547169811321,0.59649122807,0.566037735849,0.479166666667,0.5,0.36,0.367346938776,0.472727272727,0.422222222222,0.551020408163,0.381818181818,0.452830188679,0.555555555556,0.618181818182,0.596153846154,0.480769230769,0.547619047619,0.56862745098,0.480769230769,0.395833333333,0.489795918367,0.490566037736,0.533333333333,0.42,0.428571428571,0.475,0.558139534884,0.510638297872,0.477272727273,0.47619047619,0.511627906977,0.5,0.561403508772,0.404761904762,0.571428571429,0.491525423729,0.5,0.394736842105,0.514285714286,0.576271186441,0.507692307692,0.51724137931,0.5,0.428571428571,0.56,0.48275862069,0.555555555556,0.537037037037,0.6,0.53488372093,0.470588235294,0.415094339623,0.525423728814,0.482142857143,0.457627118644,0.470588235294,0.510638297872,0.666666666667,0.740740740741,0.428571428571,0.452830188679,0.490196078431,0.47619047619,0.41935483871,0.460317460317,0.553191489362,0.514285714286,0.542857142857,0.458333333333,0.52,0.47619047619,0.56,0.634146341463,0.46,0.574074074074,0.710526315789,0.608695652174,0.5,0.508474576271,0.517857142857,0.4,0.440677966102,0.54347826087,0.533333333333,0.666666666667,0.475,0.438596491228,0.607843137255,0.574468085106,0.487804878049,0.446808510638,0.434782608696,0.471698113208,0.521739130435,0.604651162791,0.5625,0.490566037736,0.603773584906,0.511627906977,0.581395348837,0.641025641026,0.581395348837,0.468085106383,0.5,0.454545454545,0.431818181818,0.404761904762,0.487804878049,0.526315789474,0.527777777778,0.553191489362,0.652173913043,0.673469387755,0.521739130435,0.411764705882,0.509803921569,0.609756097561,0.522727272727,0.571428571429,0.587301587302,0.490909090909,0.528301886792,0.442307692308,0.491525423729,0.551020408163,0.491525423729,0.51724137931,0.586206896552,0.526315789474,0.432432432432,0.487179487179,0.444444444444,0.490196078431,0.524590163934,0.425925925926,0.47619047619,0.407407407407,0.518518518519,0.533333333333,0.477272727273,0.5,0.644444444444,0.559322033898,0.573770491803,0.528301886792,0.471698113208,0.610169491525,0.555555555556,0.5625,0.558823529412,0.5,0.478260869565,0.372549019608,0.477272727273,0.641025641026,0.54,0.612903225806,0.522388059701,0.408450704225,0.53488372093,0.5,0.472222222222,0.472222222222,0.588235294118,0.378378378378,0.568181818182,0.486486486486,0.542857142857,0.477272727273,0.485714285714,0.56862745098,0.491803278689,0.4,0.47619047619,0.354166666667,0.461538461538,0.613636363636,0.441860465116,0.5,0.459016393443,0.275,0.387096774194,0.54,0.55,0.522727272727,0.516129032258,0.367346938776,0.528571428571,0.606060606061,0.545454545455,0.45652173913,0.541666666667,0.428571428571,0.4375,0.636363636364,0.467741935484,0.453125,0.368421052632,0.456140350877,0.549019607843,0.471698113208,0.5,0.490566037736,0.772727272727,0.538461538462,0.38,0.37037037037,0.526315789474,0.552631578947,0.581395348837,0.431818181818,0.458333333333,0.391304347826,0.277777777778,0.470588235294,0.511627906977,0.51724137931,0.45,0.473684210526,0.540983606557,0.444444444444,0.5,0.426229508197,0.411764705882,0.514285714286,0.444444444444,0.363636363636,0.472727272727,0.470588235294,0.46511627907,0.487804878049,0.606060606061,0.357142857143,0.48275862069,0.505882352941,0.34693877551,0.404761904762,0.510638297872,0.592592592593,0.428571428571,0.40625,0.472222222222,0.5625,0.4,0.509433962264,0.431818181818,0.490566037736,0.38,0.365384615385,0.44,0.590909090909,0.433962264151,0.557692307692,0.489361702128,0.571428571429,0.510638297872,0.555555555556,0.525423728814,0.477272727273,0.456140350877,0.595238095238,0.520833333333,0.606060606061,0.578947368421,0.5,0.405405405405,0.573770491803,0.456140350877,0.516666666667,0.5,0.462962962963,0.414634146341,0.488372093023,0.508474576271,0.48275862069,0.539682539683,0.491525423729,0.45652173913,0.574074074074,0.5,0.471698113208,0.510638297872,0.516129032258,0.472727272727,0.423728813559,0.58,0.527777777778,0.611111111111,0.545454545455,0.521739130435,0.522727272727,0.450980392157,0.534482758621,0.48,0.595238095238,0.557142857143,0.487804878049,0.575757575758,0.590909090909,0.488888888889,0.452380952381,0.625,0.357142857143,0.461538461538,0.448979591837,0.425531914894,0.609756097561,0.53125,0.52380952381,0.56,0.490196078431,0.588235294118,0.528301886792,0.58,0.578125,0.383333333333,0.55,0.5,0.4,0.464788732394,0.510638297872,0.444444444444,0.5,0.432432432432,0.526315789474,0.457142857143,0.411764705882,0.423076923077,0.571428571429,0.545454545455,0.457142857143,0.486486486486,0.512820512821,0.475,0.51724137931,0.5,0.5,0.421052631579,0.508196721311,0.607843137255,0.485294117647,0.363636363636,0.533333333333,0.371428571429,0.333333333333,0.509090909091,0.472727272727,0.528571428571,0.433962264151,0.436363636364,0.441176470588,0.472222222222,0.421052631579,0.418181818182,0.59375,0.367346938776,0.384615384615,0.390243902439,0.411764705882,0.56862745098,0.476923076923,0.45652173913,0.478260869565,0.469387755102,0.518518518519,0.540540540541,0.421052631579,0.491525423729,0.565217391304,0.510638297872,0.470588235294,0.410714285714,0.395348837209,0.435897435897,0.529411764706,0.648648648649,0.531914893617,0.589743589744,0.558139534884,0.4375,0.571428571429,0.489361702128,0.511627906977,0.425531914894,0.483870967742,0.645161290323,0.542857142857,0.489795918367,0.5,0.394736842105,0.5,0.526315789474,0.470588235294,0.46511627907,0.547619047619,0.595744680851,0.46875,0.536585365854,0.42,0.43137254902,0.615384615385,0.347826086957,0.408163265306,0.589285714286,0.585365853659,0.629032258065,0.477272727273,0.560975609756,0.422222222222,0.65,0.605263157895,0.705882352941,0.433333333333,0.5,0.525423728814,0.612903225806,0.634146341463,0.631578947368,0.673076923077,0.47619047619,0.472727272727,0.488888888889,0.478260869565,0.48,0.526315789474,0.553191489362,0.468085106383,0.563636363636,0.625,0.641025641026,0.5625,0.5,0.74358974359,0.545454545455,0.585365853659,0.518518518519,0.457142857143,0.522727272727,0.38,0.533333333333,0.62962962963,0.6,0.565217391304,0.622641509434,0.636363636364,0.692307692308,0.490566037736,0.559322033898,0.619047619048,0.479166666667,0.462962962963,0.435897435897,0.466666666667,0.526315789474,0.5,0.512195121951,0.510638297872,0.521739130435,0.542372881356,0.491525423729,0.54347826087,0.325581395349,0.553191489362,0.463414634146,0.485714285714,0.444444444444,0.428571428571,0.441176470588,0.466666666667,0.435897435897,0.439024390244,0.454545454545,0.5,0.472727272727,0.442307692308,0.524590163934,0.462962962963,0.395833333333,0.450980392157,0.452380952381,0.454545454545,0.333333333333,0.345454545455,0.510204081633,0.333333333333,0.473684210526,0.487804878049,0.5,0.475,0.5,0.4,0.457142857143,0.393939393939,0.545454545455,0.487179487179,0.521739130435,0.342105263158,0.512195121951,0.4,0.574468085106,0.480769230769,0.423076923077,0.403846153846,0.454545454545,0.472727272727,0.333333333333,0.378378378378,0.487179487179,0.447368421053,0.586206896552,0.604651162791,0.433962264151,0.428571428571,0.53488372093,0.462962962963,0.672131147541,0.6,0.489795918367,0.5,0.589285714286,0.577777777778,0.568965517241,0.5,0.647058823529,0.565217391304,0.611111111111,0.46875,0.352941176471,0.6,0.461538461538,0.574074074074,0.423076923077,0.490909090909,0.5,0.375,0.381818181818,0.509803921569,0.457627118644,0.452830188679,0.297872340426,0.422222222222,0.5,0.558823529412,0.545454545455,0.5,0.409090909091,0.324324324324,0.581818181818,0.487804878049,0.511627906977,0.574468085106,0.531914893617,0.538461538462,0.466666666667,0.633333333333,0.425,0.53125,0.5,0.37037037037,0.53125,0.385964912281,0.531914893617,0.415384615385,0.52380952381,0.6,0.5,0.519230769231,0.388888888889,0.45,0.413043478261,0.571428571429,0.47619047619,0.568181818182,0.458333333333,0.531914893617,0.490909090909,0.482142857143,0.5,0.491228070175,0.416666666667,0.6,0.565217391304,0.366666666667,0.521739130435,0.408163265306,0.471698113208,0.583333333333,0.468085106383,0.508474576271,0.454545454545,0.489361702128,0.372093023256,0.345454545455,0.318181818182,0.538461538462,0.589743589744,0.5,0.53488372093,0.5,0.392156862745,0.521739130435,0.454545454545,0.369565217391,0.454545454545,0.540540540541,0.5,0.46511627907,0.454545454545,0.51724137931,0.578947368421,0.55,0.571428571429,0.464788732394,0.413793103448,0.422222222222,0.595238095238,0.454545454545,0.475409836066,0.5,0.418604651163,0.5,0.470588235294,0.468085106383,0.5,0.6,0.582089552239,0.56,0.5,0.48275862069,0.536585365854,0.644444444444,0.711111111111,0.535714285714,0.610169491525,0.411764705882,0.490566037736,0.421052631579,0.52380952381,0.534482758621,0.409090909091,0.479166666667,0.379310344828,0.485714285714,0.5,0.5,0.609756097561,0.428571428571,0.444444444444,0.474576271186,0.275862068966,0.522727272727,0.492063492063,0.477272727273,0.533333333333,0.566666666667,0.537037037037,0.533333333333,0.6,0.510204081633,0.367346938776,0.567164179104,0.595238095238,0.486486486486,0.5,0.574468085106,0.552631578947,0.488888888889,0.338983050847,0.63829787234,0.63829787234,0.547619047619,0.549019607843,0.511627906977,0.566666666667,0.59375,0.58,0.521739130435,0.423728813559,0.509433962264,0.425925925926,0.5,0.578947368421,0.611111111111,0.589285714286,0.578947368421,0.576271186441,0.534482758621,0.451612903226,0.566037735849,0.416666666667,0.434782608696,0.377049180328,0.479166666667,0.619047619048,0.5,0.441176470588,0.454545454545,0.511111111111,0.533333333333,0.479166666667,0.423076923077,0.425925925926,0.448275862069,0.515151515152,0.543859649123,0.547619047619,0.513513513514,0.549019607843,0.571428571429,0.446808510638,0.5625,0.444444444444,0.477272727273,0.517857142857,0.5,0.469696969697,0.47619047619,0.576923076923,0.53488372093,0.666666666667,0.517857142857,0.535211267606,0.365853658537,0.444444444444,0.54347826087,0.521739130435,0.428571428571,0.571428571429,0.557692307692,0.466666666667,0.4375,0.428571428571,0.520833333333,0.577777777778,0.545454545455,0.511627906977,0.326923076923,0.608695652174,0.357142857143,0.424242424242,0.428571428571,0.632653061224,0.348837209302,0.477272727273,0.5,0.48275862069,0.428571428571,0.41935483871,0.464285714286,0.472727272727,0.631578947368,0.492753623188,0.424657534247,0.457142857143,0.43137254902,0.575,0.516129032258,0.5,0.52380952381,0.463414634146,0.56,0.481481481481,0.545454545455,0.444444444444,0.509433962264,0.487804878049,0.459459459459,0.634146341463,0.454545454545,0.649122807018,0.551724137931,0.490909090909,0.487179487179,0.577777777778,0.489361702128,0.545454545455,0.5,0.407407407407,0.589743589744,0.454545454545,0.4,0.41935483871,0.547619047619,0.46511627907,0.48,0.522388059701,0.5,0.463414634146,0.458333333333,0.520833333333,0.574074074074,0.490196078431,0.5,0.566666666667,0.490566037736,0.54347826087,0.478260869565,0.434782608696,0.5,0.55,0.488888888889,0.590909090909,0.31914893617,0.522727272727,0.4,0.527777777778,0.47619047619,0.391304347826,0.434782608696,0.478260869565,0.418181818182,0.59375,0.56338028169,0.4,0.648648648649,0.563636363636,0.433962264151,0.571428571429,0.396226415094,0.578947368421,0.47619047619,0.342857142857,0.386363636364,0.475,0.6,0.567567567568,0.74358974359,0.4375,0.441860465116,0.425925925926,0.557692307692,0.418181818182,0.5,0.5,0.384615384615,0.65306122449,0.571428571429,0.473684210526,0.521739130435,0.537037037037,0.622222222222,0.5,0.531914893617,0.631578947368,0.549019607843,0.636363636364,0.5,0.52,0.404255319149,0.552631578947,0.45652173913,0.51724137931,0.46,0.45,0.512195121951,0.466666666667,0.457627118644,0.5,0.511111111111,0.5,0.54347826087,0.447368421053,0.447368421053,0.636363636364,0.5,0.544117647059,0.481481481481,0.358490566038,0.521739130435,0.625,0.565217391304,0.536585365854,0.574468085106,0.614035087719,0.469387755102,0.516129032258,0.56862745098,0.636363636364,0.610169491525,0.466666666667,0.5,0.511111111111,0.5,0.594594594595,0.456140350877,0.48,0.55,0.432432432432,0.575,0.470588235294,0.46511627907,0.48,0.409090909091,0.527777777778,0.528301886792,0.622641509434,0.53488372093,0.607843137255,0.551020408163,0.382978723404,0.53488372093,0.509433962264,0.490566037736,0.414634146341,0.408163265306,0.440677966102,0.558823529412,0.508474576271,0.307692307692,0.512820512821,0.509803921569,0.477272727273,0.65,0.444444444444,0.428571428571,0.4375,0.487804878049,0.666666666667,0.512820512821,0.578947368421,0.450980392157,0.489361702128,0.418181818182,0.541666666667,0.52,0.735294117647,0.414634146341,0.533333333333,0.5,0.432432432432,0.490196078431,0.512820512821,0.526315789474,0.428571428571,0.466666666667,0.520833333333,0.511627906977,0.630434782609,0.541666666667,0.490196078431,0.459459459459,0.377777777778,0.536585365854,0.444444444444,0.583333333333,0.4,0.510204081633,0.565217391304,0.486486486486,0.590909090909,0.510638297872,0.493150684932,0.62962962963,0.413043478261,0.577777777778,0.456140350877,0.56,0.507692307692,0.454545454545,0.5,0.519230769231,0.351351351351,0.574468085106,0.446428571429,0.3,0.451612903226,0.45,0.441176470588,0.490196078431,0.567567567568,0.515151515152,0.490196078431,0.486486486486,0.6,0.452380952381,0.390243902439,0.5,0.424242424242,0.522388059701,0.615384615385,0.5,0.446428571429,0.519230769231,0.595744680851,0.413043478261,0.490909090909,0.480769230769,0.363636363636,0.492307692308,0.5,0.607843137255,0.6,0.423728813559,0.516666666667,0.513513513514,0.488888888889,0.488888888889,0.611111111111,0.377358490566,0.489361702128,0.615384615385,0.47619047619,0.52380952381,0.517857142857,0.489795918367,0.574074074074,0.519230769231,0.37037037037,0.56,0.5625,0.542857142857,0.674418604651,0.522727272727,0.471698113208,0.365384615385,0.630434782609,0.459016393443,0.52,0.5,0.42,0.432432432432,0.375,0.478260869565,0.613636363636,0.463414634146,0.520833333333,0.520833333333,0.534482758621,0.533333333333,0.591836734694,0.611111111111,0.55,0.577777777778,0.510204081633,0.68,0.68,0.474576271186,0.386363636364,0.515625,0.509803921569,0.382352941176,0.533333333333,0.531914893617,0.457627118644,0.395348837209,0.457142857143,0.575757575758,0.480769230769,0.508474576271,0.491228070175,0.551020408163,0.4,0.372549019608,0.392156862745,0.622222222222,0.425531914894,0.390243902439,0.424242424242,0.481481481481,0.56,0.559322033898,0.363636363636,0.51724137931,0.448275862069,0.493150684932,0.559322033898,0.557692307692,0.516129032258,0.584905660377,0.510638297872,0.575,0.525,0.614035087719,0.479166666667,0.433333333333,0.509803921569,0.388888888889,0.5,0.509090909091,0.535714285714,0.540983606557,0.452380952381,0.471698113208,0.5,0.5625,0.464285714286,0.490909090909,0.527777777778,0.448275862069,0.446808510638,0.52380952381,0.5,0.581395348837,0.42,0.466666666667,0.612244897959,0.609756097561,0.475,0.56862745098,0.567164179104,0.571428571429,0.568965517241,0.4375,0.457627118644,0.4375,0.448979591837,0.469387755102,0.428571428571,0.444444444444,0.5,0.604166666667,0.477272727273,0.478260869565,0.566037735849,0.5,0.56862745098,0.434782608696,0.558823529412,0.481481481481,0.535714285714,0.557692307692,0.470588235294,0.52,0.558823529412,0.409090909091,0.418181818182,0.52,0.481481481481,0.53488372093,0.404761904762,0.486486486486,0.460317460317,0.425,0.387755102041,0.388888888889,0.372549019608,0.5,0.513513513514,0.450980392157,0.408163265306,0.531914893617,0.367346938776,0.45652173913,0.6,0.471698113208,0.559322033898,0.447368421053,0.507936507937,0.481481481481,0.552631578947,0.595238095238,0.552631578947,0.545454545455,0.614035087719,0.43137254902,0.507042253521,0.530612244898,0.473684210526,0.441860465116,0.461538461538,0.547619047619,0.409090909091,0.461538461538,0.365079365079,0.333333333333,0.461538461538,0.571428571429,0.462962962963,0.458333333333,0.537037037037,0.451612903226,0.403846153846,0.551020408163,0.581818181818,0.379310344828,0.530612244898,0.59649122807,0.403846153846,0.5,0.434782608696,0.46511627907,0.431818181818,0.489361702128,0.512195121951,0.555555555556,0.6,0.616666666667,0.532258064516,0.551020408163,0.520833333333,0.581395348837,0.590163934426,0.402985074627,0.473684210526,0.444444444444,0.339285714286,0.45,0.558823529412,0.438596491228,0.480769230769,0.566037735849,0.470588235294,0.377049180328,0.428571428571,0.513513513514,0.571428571429,0.519230769231,0.631578947368,0.533333333333,0.54,0.56862745098,0.488888888889,0.509803921569,0.5,0.566037735849,0.557692307692,0.453125,0.537313432836,0.573770491803,0.393939393939,0.549019607843,0.64,0.472727272727,0.571428571429,0.5,0.409836065574,0.533333333333,0.58,0.477272727273,0.410714285714,0.40350877193,0.482142857143,0.547619047619,0.632653061224,0.520833333333,0.527272727273,0.461538461538,0.489361702128,0.535714285714,0.421052631579,0.529411764706,0.431818181818,0.425531914894,0.534482758621,0.571428571429,0.382978723404,0.567567567568,0.647058823529,0.4,0.450980392157,0.557692307692,0.5,0.542372881356,0.380952380952,0.483333333333,0.466666666667,0.53488372093,0.482142857143,0.5,0.592592592593,0.717948717949,0.466666666667,0.387755102041,0.5,0.446808510638,0.551020408163,0.603773584906,0.438596491228,0.578947368421,0.617021276596,0.576923076923,0.577777777778,0.625,0.4,0.48275862069,0.5,0.574074074074,0.479166666667,0.446808510638,0.510204081633,0.584905660377,0.461538461538,0.461538461538,0.423728813559,0.447368421053,0.421052631579,0.438596491228,0.565217391304,0.422222222222,0.625,0.454545454545,0.543859649123,0.595238095238,0.538461538462,0.48,0.355555555556,0.560975609756,0.409090909091,0.566666666667,0.421052631579,0.509090909091,0.428571428571,0.489361702128,0.5,0.431818181818,0.539682539683,0.382978723404,0.469387755102,0.541666666667,0.466666666667,0.571428571429,0.433333333333,0.541666666667,0.475,0.377777777778,0.603773584906,0.404255319149,0.561403508772,0.439024390244,0.54347826087,0.440677966102,0.546875,0.41935483871,0.531914893617,0.478873239437,0.416666666667,0.421052631579,0.58,0.5,0.533333333333,0.508771929825,0.433962264151,0.581395348837,0.5,0.59649122807,0.510204081633,0.581395348837,0.604651162791,0.458333333333,0.461538461538,0.5,0.621621621622,0.473684210526,0.561403508772,0.468085106383,0.545454545455,0.539682539683,0.436363636364,0.549019607843,0.477272727273,0.32,0.555555555556,0.482142857143,0.5,0.52,0.48,0.44,0.355555555556,0.483333333333,0.612244897959,0.452380952381,0.394736842105,0.62,0.590909090909,0.471698113208,0.549019607843,0.512195121951,0.511627906977,0.384615384615,0.5,0.520833333333,0.490566037736,0.452830188679,0.576923076923,0.64,0.518518518519,0.549019607843,0.489361702128,0.46,0.446428571429,0.510204081633,0.428571428571,0.603773584906,0.541666666667,0.507692307692,0.478260869565,0.5,0.596153846154,0.466666666667,0.416666666667,0.428571428571,0.529411764706,0.5,0.4,0.525,0.511111111111,0.471698113208,0.537037037037,0.519230769231,0.5,0.558823529412,0.525,0.517857142857,0.56,0.5,0.777777777778,0.5,0.5,0.416666666667,0.619047619048,0.403846153846,0.485714285714,0.509803921569,0.461538461538,0.372093023256,0.590909090909,0.618181818182,0.586956521739,0.577777777778,0.536585365854,0.5,0.5,0.581395348837,0.5,0.555555555556,0.684210526316,0.607843137255,0.537037037037,0.410256410256,0.5,0.391304347826,0.604651162791,0.5,0.592592592593,0.681818181818,0.508474576271,0.558139534884,0.54,0.595744680851,0.454545454545,0.487179487179,0.395833333333,0.577777777778,0.388888888889,0.509803921569,0.588235294118,0.435897435897,0.375,0.548387096774,0.622641509434,0.589285714286,0.34375,0.466666666667,0.5,0.47619047619,0.564102564103,0.403846153846,0.369565217391,0.34,0.470588235294,0.512195121951,0.44,0.487179487179,0.569230769231,0.576923076923,0.416666666667,0.478260869565,0.545454545455,0.577777777778,0.479166666667,0.5,0.459016393443,0.666666666667,0.48275862069,0.490566037736,0.52380952381,0.641509433962,0.473684210526,0.444444444444,0.511111111111,0.5,0.408163265306,0.448979591837,0.406779661017,0.574468085106,0.615384615385,0.545454545455,0.448979591837,0.434782608696,0.6,0.6,0.533333333333,0.442307692308,0.515151515152,0.520833333333,0.38,0.553191489362,0.490196078431,0.509803921569,0.478260869565,0.488888888889,0.421052631579,0.45,0.525,0.590909090909,0.411764705882,0.666666666667,0.583333333333,0.444444444444,0.446428571429,0.489795918367,0.510638297872,0.68085106383,0.569444444444,0.450980392157,0.5625,0.5,0.6,0.461538461538,0.647058823529,0.5,0.507042253521,0.576923076923,0.561403508772,0.537037037037,0.555555555556,0.382352941176,0.508771929825,0.458333333333,0.475,0.526315789474,0.568965517241,0.56862745098,0.392857142857,0.47619047619,0.551020408163,0.456140350877,0.5,0.388888888889,0.394736842105,0.56,0.538461538462,0.652173913043,0.461538461538,0.5,0.5,0.435897435897,0.508771929825,0.43137254902,0.469387755102,0.473684210526,0.5,0.585365853659,0.327272727273,0.603773584906,0.488888888889,0.47619047619,0.452830188679,0.564102564103,0.54347826087,0.586206896552,0.489361702128,0.553191489362,0.577777777778,0.557692307692,0.416666666667,0.54347826087,0.391304347826,0.396226415094,0.534482758621,0.52,0.488372093023,0.5,0.466666666667,0.457142857143,0.558139534884,0.477272727273,0.545454545455,0.357142857143,0.4,0.46,0.526315789474,0.511111111111,0.44,0.695652173913,0.53125,0.459459459459,0.581818181818,0.65,0.486486486486,0.586956521739,0.490566037736,0.565217391304,0.490196078431,0.655172413793,0.522727272727,0.333333333333,0.589743589744,0.487179487179,0.538461538462,0.407407407407,0.45652173913,0.522727272727,0.55,0.488888888889,0.365853658537,0.5625,0.653846153846,0.519230769231,0.416666666667,0.454545454545,0.320754716981,0.697674418605,0.480769230769,0.479166666667,0.5,0.48,0.5,0.525,0.512195121951,0.538461538462,0.518518518519,0.578947368421,0.489361702128,0.627450980392,0.622641509434,0.450704225352,0.666666666667,0.442307692308,0.551020408163,0.492063492063,0.5,0.413793103448,0.552631578947,0.466666666667,0.581818181818,0.5,0.436363636364,0.54,0.44,0.518518518519,0.5,0.488888888889,0.519230769231,0.461538461538,0.515151515152,0.508474576271,0.608695652174,0.4,0.462962962963,0.547619047619,0.405405405405,0.514285714286,0.613636363636,0.4,0.404255319149,0.446428571429,0.676470588235,0.448275862069,0.384615384615,0.454545454545,0.565217391304,0.531914893617,0.576271186441,0.528301886792,0.368421052632,0.409090909091,0.426229508197,0.631578947368,0.446428571429,0.48275862069,0.423076923077,0.395833333333,0.591836734694,0.42,0.530303030303,0.574468085106,0.4375,0.4375,0.666666666667,0.584905660377,0.553191489362,0.642857142857,0.658227848101,0.75,0.704225352113,0.659793814433,0.607843137255,0.539473684211,0.686046511628,0.510638297872,0.395833333333,0.4,0.565217391304,0.333333333333,0.339622641509,0.409090909091,0.547619047619,0.390243902439,0.595744680851,0.581395348837,0.227272727273,0.527777777778,0.470588235294,0.4375,0.447368421053,0.520833333333,0.416666666667,0.44,0.511111111111,0.547619047619,0.595744680851,0.530612244898,0.527272727273,0.428571428571,0.672727272727,0.53488372093,0.522727272727,0.511111111111,0.590909090909,0.413793103448,0.325581395349,0.553191489362,0.560975609756,0.478260869565,0.530612244898,0.65,0.575,0.489795918367,0.510204081633,0.512195121951,0.475,0.575,0.558823529412,0.466666666667,0.436363636364,0.425925925926,0.592592592593,0.535714285714,0.480769230769,0.488888888889,0.574468085106,0.688888888889,0.628571428571,0.448979591837,0.5,0.68085106383,0.509803921569,0.484848484848,0.563636363636,0.510204081633,0.5,0.461538461538,0.51724137931,0.390243902439,0.551020408163,0.5,0.555555555556,0.5,0.518518518519,0.428571428571,0.448979591837,0.48,0.5,0.518518518519,0.536585365854,0.469696969697,0.416666666667,0.46511627907,0.551724137931,0.510638297872,0.512820512821,0.637931034483,0.432432432432,0.489361702128,0.441176470588,0.486486486486,0.466666666667,0.465517241379,0.538461538462,0.507936507937,0.577777777778,0.553571428571,0.469387755102,0.431818181818,0.525,0.574074074074,0.545454545455,0.648648648649,0.410256410256,0.604166666667,0.5,0.447368421053,0.433962264151,0.490566037736,0.40625,0.526315789474,0.517857142857,0.466666666667,0.421875,0.511111111111,0.444444444444,0.672413793103,0.44,0.423076923077,0.538461538462,0.578947368421,0.527777777778,0.492307692308,0.557692307692,0.527272727273,0.553571428571,0.55,0.413793103448,0.595744680851,0.48,0.511111111111,0.46511627907,0.36170212766,0.568965517241,0.509803921569,0.481481481481,0.372549019608,0.560975609756,0.561403508772,0.5,0.444444444444,0.522727272727,0.529411764706,0.56862745098,0.5625,0.46,0.534482758621,0.456140350877,0.571428571429,0.588235294118,0.512195121951,0.470588235294,0.5,0.490909090909,0.490909090909,0.507692307692,0.519230769231,0.489795918367,0.59375,0.53125,0.5625,0.477272727273,0.54,0.372093023256,0.375,0.477272727273,0.413793103448,0.36,0.472222222222,0.560975609756,0.621212121212,0.46,0.480769230769,0.531914893617,0.547619047619,0.478260869565,0.538461538462,0.480769230769,0.42,0.45,0.45,0.297872340426,0.410714285714,0.448979591837,0.586956521739,0.392156862745,0.48,0.5,0.482142857143,0.5,0.464285714286,0.42,0.489795918367,0.555555555556,0.5,0.6,0.444444444444,0.545454545455,0.549019607843,0.574468085106,0.468085106383,0.478260869565,0.533333333333,0.547619047619,0.410256410256,0.527272727273,0.555555555556,0.466666666667,0.478260869565,0.444444444444,0.457142857143,0.508474576271,0.491803278689,0.479166666667,0.422222222222,0.527272727273,0.472727272727,0.645833333333,0.508771929825,0.473684210526,0.547619047619,0.511627906977,0.589743589744,0.571428571429,0.585365853659,0.45652173913,0.539682539683,0.408163265306,0.454545454545,0.592592592593,0.688888888889,0.46511627907,0.368421052632,0.490909090909,0.511627906977,0.382352941176,0.409090909091,0.5,0.542857142857,0.526315789474,0.5,0.462962962963,0.457627118644,0.510204081633,0.416666666667,0.4,0.396226415094,0.372093023256,0.530612244898,0.577777777778,0.585365853659,0.618181818182,0.6,0.524590163934,0.5,0.538461538462,0.533333333333,0.518518518519,0.511111111111,0.564102564103,0.493150684932,0.510638297872,0.568181818182,0.466666666667,0.483333333333,0.45,0.560975609756,0.471698113208,0.480769230769,0.520833333333,0.382978723404,0.428571428571,0.451612903226,0.545454545455,0.521739130435,0.466666666667,0.551020408163,0.478260869565,0.606060606061,0.617647058824,0.462962962963,0.390625,0.6,0.531914893617,0.510638297872,0.51724137931,0.638888888889,0.44,0.56,0.517857142857,0.510638297872,0.450980392157,0.415094339623,0.604651162791,0.522727272727,0.441860465116,0.578947368421,0.666666666667,0.448275862069,0.48,0.6,0.387096774194,0.532258064516,0.511627906977,0.511111111111,0.478260869565,0.444444444444,0.517857142857,0.423076923077,0.529411764706,0.555555555556,0.545454545455,0.490909090909,0.530612244898,0.52380952381,0.641025641026,0.540540540541,0.489361702128,0.564102564103,0.491228070175,0.461538461538,0.36170212766,0.535714285714,0.469387755102,0.571428571429,0.611111111111,0.52,0.509433962264,0.489361702128,0.416666666667,0.666666666667,0.538461538462,0.509803921569,0.396226415094,0.583333333333,0.553191489362,0.583333333333,0.5625,0.583333333333,0.53488372093,0.592592592593,0.5,0.581395348837,0.590909090909,0.512820512821,0.428571428571,0.525,0.471698113208,0.565217391304,0.531914893617,0.533333333333,0.531914893617,0.578947368421,0.461538461538,0.431818181818,0.512820512821,0.619047619048,0.424242424242,0.567567567568,0.541666666667,0.450980392157,0.527272727273,0.431034482759,0.395348837209,0.473684210526,0.523076923077,0.533333333333,0.509803921569,0.384615384615,0.488372093023,0.520833333333,0.528301886792,0.616666666667,0.413043478261,0.490196078431,0.425925925926,0.510638297872,0.458333333333,0.575,0.551020408163,0.411764705882,0.384615384615,0.520833333333,0.466666666667,0.537037037037,0.389830508475,0.507692307692,0.522727272727,0.55,0.472727272727,0.565217391304,0.564102564103,0.45652173913,0.590909090909,0.510638297872,0.54347826087,0.52380952381,0.446153846154,0.625,0.614035087719,0.346153846154,0.446428571429,0.5625,0.603773584906,0.392156862745,0.459016393443,0.463414634146,0.526315789474,0.509090909091,0.488888888889,0.541666666667,0.395348837209,0.607843137255,0.410256410256,0.571428571429,0.471698113208,0.529411764706,0.660377358491,0.392857142857,0.645833333333,0.533333333333,0.574468085106,0.48275862069,0.484375,0.571428571429,0.4,0.380281690141,0.5,0.446428571429,0.574468085106,0.534482758621,0.659574468085,0.51724137931,0.526315789474,0.512195121951,0.41935483871,0.538461538462,0.5,0.479452054795,0.490909090909,0.6,0.607843137255,0.475,0.5,0.5,0.481481481481,0.518518518519,0.553846153846,0.377358490566,0.46511627907,0.533333333333,0.516129032258,0.5,0.44,0.391304347826,0.434782608696,0.35593220339,0.611111111111,0.481481481481,0.543859649123,0.444444444444,0.5,0.371428571429,0.56862745098,0.578947368421,0.565217391304,0.567567567568,0.454545454545,0.488888888889,0.45652173913,0.488888888889,0.477272727273,0.489795918367,0.472222222222,0.351351351351,0.547169811321,0.482142857143,0.45652173913,0.413043478261,0.765957446809,0.566666666667,0.535211267606,0.451612903226,0.428571428571,0.510638297872,0.538461538462,0.479166666667,0.52,0.595238095238,0.622641509434,0.44,0.566666666667,0.44,0.487804878049,0.571428571429,0.46875,0.481481481481,0.541666666667,0.473684210526,0.575757575758,0.52380952381,0.530612244898,0.446428571429,0.392156862745,0.465517241379,0.558139534884,0.641025641026,0.479166666667,0.489795918367,0.458333333333,0.490196078431,0.47619047619,0.586956521739,0.425531914894,0.540540540541,0.518518518519,0.526315789474,0.5,0.55,0.441860465116,0.452380952381,0.34693877551,0.634146341463,0.480769230769,0.473684210526,0.377358490566,0.4375,0.379310344828,0.392857142857,0.547619047619,0.577777777778,0.534482758621,0.509090909091,0.454545454545,0.424242424242,0.6,0.5,0.551724137931,0.542372881356,0.442307692308,0.454545454545,0.560975609756,0.32,0.454545454545,0.352941176471,0.484848484848,0.46511627907,0.509803921569,0.516666666667,0.471698113208,0.372549019608,0.512820512821,0.490909090909,0.651162790698,0.53488372093,0.583333333333,0.52380952381,0.584905660377,0.611111111111,0.615384615385,0.733333333333,0.520833333333,0.470588235294,0.512820512821,0.533333333333,0.617021276596,0.585365853659,0.486486486486,0.585365853659,0.540540540541,0.526315789474,0.595238095238,0.451612903226,0.576271186441,0.5,0.596153846154,0.530612244898,0.46875,0.545454545455,0.423076923077,0.509803921569,0.43137254902,0.520833333333,0.428571428571,0.464285714286,0.564102564103,0.608695652174,0.4,0.574468085106,0.459016393443,0.576271186441,0.365853658537,0.558139534884,0.568965517241,0.482142857143,0.471698113208,0.423076923077,0.509803921569,0.36,0.5625,0.41935483871,0.537037037037,0.591836734694,0.545454545455,0.473684210526,0.395833333333,0.491803278689,0.5,0.52380952381,0.435897435897,0.485714285714,0.620689655172,0.543859649123,0.46511627907,0.404255319149,0.585365853659,0.595744680851,0.529411764706,0.482142857143,0.470588235294,0.519230769231,0.457627118644,0.589743589744,0.575757575758,0.483333333333,0.44262295082,0.446808510638,0.475409836066,0.62,0.363636363636,0.557692307692,0.5,0.448979591837,0.642857142857,0.439024390244,0.553191489362,0.404255319149,0.552631578947,0.593220338983,0.454545454545,0.603773584906,0.462962962963,0.537037037037,0.509433962264,0.48,0.533333333333,0.418181818182,0.545454545455,0.395348837209,0.448979591837,0.45,0.56,0.5,0.560975609756,0.575,0.607843137255,0.58064516129,0.491228070175,0.513513513514,0.549019607843,0.5,0.4375,0.555555555556,0.510638297872,0.479166666667,0.607142857143,0.411764705882,0.52380952381,0.518518518519,0.518518518519,0.6,0.558139534884,0.566037735849,0.586956521739,0.5,0.36,0.404255319149,0.391304347826,0.394736842105,0.509433962264,0.423076923077,0.416666666667,0.636363636364,0.487179487179,0.487179487179,0.421052631579,0.666666666667,0.685185185185,0.639344262295,0.4,0.44,0.560975609756,0.363636363636,0.380952380952,0.40625,0.408163265306,0.388888888889,0.475,0.416666666667,0.4,0.405797101449,0.488372093023,0.421052631579,0.392857142857,0.6,0.191489361702,0.5,0.416666666667,0.5,0.483870967742,0.674418604651,0.5,0.463414634146,0.469387755102,0.558139534884,0.559322033898,0.473684210526,0.5,0.358974358974,0.604651162791,0.553571428571,0.661016949153,0.454545454545,0.384615384615,0.5,0.441860465116,0.377777777778,0.48,0.528301886792,0.468085106383,0.454545454545,0.357142857143,0.4,0.448979591837,0.354166666667,0.416666666667,0.636363636364,0.490196078431,0.509803921569,0.395833333333,0.529411764706,0.5625,0.41935483871,0.468085106383,0.633333333333,0.594594594595,0.52,0.492063492063,0.5,0.447368421053,0.36,0.5,0.428571428571,0.411764705882,0.54347826087,0.555555555556,0.619047619048,0.469696969697,0.438356164384,0.555555555556,0.518518518519,0.614035087719,0.451612903226,0.480769230769,0.490196078431,0.583333333333,0.479166666667,0.596774193548,0.569230769231,0.625,0.510204081633,0.512820512821,0.576923076923,0.555555555556,0.425531914894,0.541666666667,0.510204081633,0.488888888889,0.5,0.5,0.521739130435,0.407407407407,0.559322033898,0.468085106383,0.559322033898,0.481481481481,0.509090909091,0.460317460317,0.483333333333,0.621621621622,0.510204081633,0.5,0.608695652174,0.487804878049,0.428571428571,0.47619047619,0.444444444444,0.543859649123,0.464285714286,0.347826086957,0.525,0.538461538462,0.555555555556,0.381818181818,0.54,0.538461538462,0.413793103448,0.421052631579,0.548387096774,0.473684210526,0.508474576271,0.464285714286,0.444444444444,0.509803921569,0.58,0.576923076923,0.390243902439,0.5,0.525423728814,0.508196721311,0.444444444444,0.54347826087,0.583333333333,0.5,0.450980392157,0.480769230769,0.465517241379,0.574468085106,0.410714285714,0.509090909091,0.518518518519,0.390243902439,0.508771929825,0.583333333333,0.577777777778,0.407407407407,0.461538461538,0.566037735849,0.586956521739,0.367346938776,0.571428571429,0.469387755102,0.454545454545,0.435483870968,0.573770491803,0.409090909091,0.528301886792,0.492537313433,0.527777777778,0.55737704918,0.435483870968,0.526315789474,0.6,0.434782608696,0.6,0.479166666667,0.510204081633,0.435897435897,0.622641509434,0.622950819672,0.582089552239,0.974358974359,0.4375,0.45,0.536585365854,0.612244897959,0.571428571429,0.535714285714,0.5,0.48,0.678571428571,0.320754716981,0.42,0.411764705882,0.44,0.465517241379,0.489795918367,0.446808510638,0.571428571429,0.511627906977,0.5,0.548387096774,0.561403508772,0.5625,0.575757575758,0.775,0.509803921569,0.385964912281,0.264705882353,0.607142857143,0.529411764706,0.481481481481,0.533333333333,0.563636363636,0.382978723404,0.340909090909,0.46,0.5,0.421052631579,0.457142857143,0.59649122807,0.5,0.463414634146,0.377777777778,0.483870967742,0.557692307692,0.509090909091,0.566666666667,0.510638297872,0.578947368421,0.553571428571,0.507692307692,0.571428571429,0.666666666667,0.9,0.410256410256,0.372093023256,0.5,0.47619047619,0.577777777778,0.52380952381,0.595744680851,0.864864864865,0.421052631579,0.508771929825,0.518518518519,0.632352941176,0.673076923077,0.6,0.603448275862,0.530612244898,0.510204081633,0.473684210526,0.615384615385,0.510638297872,0.522727272727,0.568965517241,0.545454545455,0.528301886792,0.642857142857,0.439024390244,0.6,0.431034482759,0.577777777778,0.422222222222,0.510204081633,0.461538461538,0.628571428571,0.375,0.46511627907,0.522727272727,0.458333333333,0.530612244898,0.435897435897,0.5,0.479166666667,0.543859649123,0.396226415094,0.461538461538,0.558823529412,0.490566037736,0.461538461538,0.547619047619,0.468085106383,0.5,0.479166666667,0.5625,0.510204081633,0.525423728814,0.491228070175,0.470588235294,0.446428571429,0.5625,0.521739130435,0.560975609756,0.488372093023,0.666666666667,0.615384615385,0.555555555556,0.5,0.5,0.491228070175,0.59649122807,0.490196078431,0.490196078431,0.491525423729,0.478873239437,0.35593220339,0.488888888889,0.456140350877,0.475409836066,0.566037735849,0.425531914894,0.638888888889,0.533333333333,0.522388059701,0.490566037736,0.428571428571,0.452380952381,0.612903225806,0.55,0.577777777778,0.538461538462,0.45,0.4,0.487804878049,0.531914893617,0.522727272727,0.489795918367,0.457142857143,0.527777777778,0.363636363636,0.5,0.577777777778,0.568181818182,0.428571428571,0.5,0.432432432432,0.53125,0.492063492063,0.543859649123,0.4375,0.533333333333,0.530612244898,0.491228070175,0.604166666667,0.541666666667,0.481481481481,0.6,0.46511627907,0.5,0.533333333333,0.44,0.433962264151,0.553846153846,0.6875,0.533333333333,0.583333333333,0.45,0.487804878049,0.475,0.409090909091,0.553571428571,0.390243902439,0.645833333333,0.603773584906,0.586956521739,0.542372881356,0.396551724138,0.5,0.478260869565,0.659574468085,0.421052631579,0.461538461538,0.555555555556,0.422222222222,0.470588235294,0.483870967742,0.507462686567,0.576923076923,0.644444444444,0.512195121951,0.607843137255,0.463414634146,0.475,0.565217391304,0.611111111111,0.705882352941,0.44262295082,0.40350877193,0.568181818182,0.5,0.534482758621,0.520833333333,0.459459459459,0.522727272727,0.577777777778,0.627906976744,0.577777777778,0.442857142857,0.375,0.615384615385,0.461538461538,0.53125,0.474576271186,0.530612244898,0.5,0.390243902439,0.53488372093,0.448979591837,0.574074074074,0.535714285714,0.574074074074,0.389830508475,0.45,0.609756097561,0.571428571429,0.655172413793,0.571428571429,0.625,0.428571428571,0.512195121951,0.474576271186,0.566037735849,0.347826086957,0.542857142857,0.516666666667,0.466666666667,0.568965517241,0.5,0.35,0.509433962264,0.537037037037,0.357142857143,0.487179487179,0.46511627907,0.444444444444,0.491803278689,0.465517241379,0.489795918367,0.459459459459,0.5,0.4375,0.412698412698,0.453125,0.486486486486,0.433962264151,0.5,0.586206896552,0.548387096774,0.6,0.416666666667,0.5,0.448979591837,0.43137254902,0.510638297872,0.296296296296,0.549019607843,0.551020408163,0.392156862745,0.5,0.52,0.535714285714,0.474576271186,0.421052631579,0.482142857143,0.480769230769,0.474576271186,0.65625,0.466666666667,0.566666666667,0.513513513514,0.413043478261,0.587301587302,0.5,0.526315789474,0.342105263158,0.441176470588,0.493506493506,0.528301886792,0.58,0.575757575758,0.612244897959,0.466666666667,0.435897435897,0.368421052632,0.4,0.423076923077,0.468085106383,0.409836065574,0.519230769231,0.622641509434,0.552631578947,0.53125,0.428571428571,0.428571428571,0.46511627907,0.414634146341,0.531914893617,0.591836734694,0.577777777778,0.431818181818,0.488372093023,0.511627906977,0.36170212766,0.56,0.627450980392,0.568181818182,0.433962264151,0.466666666667,0.645161290323,0.475,0.681818181818,0.679245283019,0.584905660377,0.527272727273,0.542857142857,0.590909090909,0.530612244898,0.571428571429,0.571428571429,0.478260869565,0.540540540541,0.460317460317,0.434782608696,0.428571428571,0.491525423729,0.615384615385,0.560975609756,0.511627906977,0.510638297872,0.595744680851,0.410256410256,0.489795918367,0.545454545455,0.53488372093,0.477611940299,0.423076923077,0.423728813559,0.410714285714,0.454545454545,0.552631578947,0.461538461538,0.618181818182,0.36,0.507936507937,0.453125,0.615384615385,0.469387755102,0.596153846154,0.515151515152,0.46,0.611111111111,0.634146341463,0.439024390244,0.6,0.590163934426,0.489795918367,0.589285714286,0.438596491228,0.576923076923,0.538461538462,0.436363636364,0.527272727273,0.525,0.454545454545,0.365384615385,0.492063492063,0.470588235294,0.571428571429,0.424242424242,0.545454545455,0.474576271186,0.421052631579,0.565217391304,0.511627906977,0.473684210526,0.547169811321,0.543859649123,0.6,0.583333333333,0.567567567568,0.56862745098,0.58064516129,0.411764705882,0.615384615385,0.51724137931,0.68,0.490566037736,0.433962264151,0.490566037736,0.574468085106,0.481481481481,0.4375,0.510204081633,0.509803921569,0.537313432836,0.535714285714,0.549019607843,0.46511627907,0.52380952381,0.425,0.544117647059,0.522388059701,0.666666666667,0.6,0.54347826087,0.488372093023,0.372093023256,0.326923076923,0.607142857143,0.549019607843,0.454545454545,0.578947368421,0.48,0.511111111111,0.583333333333,0.542372881356,0.36,0.563636363636,0.558139534884,0.488372093023,0.512820512821,0.444444444444,0.561403508772,0.551020408163,0.489361702128,0.545454545455,0.512820512821,0.5,0.5,0.589743589744,0.647058823529,0.446153846154,0.564516129032,0.535714285714,0.5625,0.472727272727,0.509803921569,0.372549019608,0.530612244898,0.583333333333,0.510204081633,0.558139534884,0.509803921569,0.637931034483,0.421052631579,0.604166666667,0.491525423729,0.512195121951,0.482142857143,0.488372093023,0.441860465116,0.636363636364,0.477272727273,0.510638297872,0.58,0.583333333333,0.441176470588,0.44262295082,0.595744680851,0.588235294118,0.431818181818,0.573770491803,0.647058823529,0.466666666667,0.410256410256,0.448275862069,0.526315789474,0.54,0.636363636364,0.5625,0.491803278689,0.512195121951,0.473684210526,0.527272727273,0.444444444444,0.4,0.421052631579,0.604651162791,0.464285714286,0.468085106383,0.516129032258,0.520833333333,0.4,0.529411764706,0.568965517241,0.479166666667,0.487179487179,0.519230769231,0.441176470588,0.385964912281,0.461538461538,0.589743589744,0.560975609756,0.551020408163,0.618181818182,0.487179487179,0.545454545455,0.441860465116,0.538461538462,0.541666666667,0.4375,0.571428571429,0.490909090909,0.461538461538,0.324324324324,0.489361702128,0.4,0.5,0.586206896552,0.5,0.549019607843,0.470588235294,0.607142857143,0.527777777778,0.578947368421,0.43137254902,0.625,0.530303030303,0.613636363636,0.448275862069,0.369230769231,0.461538461538,0.372093023256,0.43137254902,0.431818181818,0.511111111111,0.470588235294,0.591836734694,0.518518518519,0.448275862069,0.472727272727,0.530612244898,0.491525423729,0.444444444444,0.367346938776,0.43137254902,0.47619047619,0.632653061224,0.612903225806,0.545454545455,0.52,0.441860465116,0.448979591837,0.711111111111,0.434782608696,0.446808510638,0.551724137931,0.551020408163,0.519230769231,0.558823529412,0.490566037736,0.522388059701,0.508771929825,0.342857142857,0.571428571429,0.64,0.541666666667,0.527272727273,0.44,0.509803921569,0.422222222222,0.409090909091,0.492957746479,0.45652173913,0.6,0.545454545455,0.446808510638,0.487804878049,0.508771929825,0.490196078431,0.489795918367,0.510204081633,0.468085106383,0.673913043478,0.581395348837,0.25641025641,0.309523809524,0.279069767442,0.431034482759,0.415094339623,0.56,0.480769230769,0.577777777778,0.5,0.593220338983,0.436363636364,0.521739130435,0.513513513514,0.412698412698,0.508474576271,0.535714285714,0.510638297872,0.388888888889,0.45,0.515151515152,0.530612244898,0.423728813559,0.543859649123,0.490196078431,0.428571428571,0.6,0.5,0.590909090909,0.54,0.571428571429,0.48,0.558139534884,0.612244897959,0.627906976744,0.538461538462,0.454545454545,0.607142857143,0.450980392157,0.697674418605,0.5,0.441860465116,0.510204081633,0.5,0.396825396825,0.531914893617,0.489795918367,0.490566037736,0.480769230769,0.537037037037,0.46511627907,0.382978723404,0.471698113208,0.551020408163,0.463768115942,0.574468085106,0.5,0.469387755102,0.553191489362,0.509433962264,0.552631578947,0.461538461538,0.417910447761,0.578947368421,0.423076923077,0.510638297872,0.509090909091,0.410714285714,0.396551724138,0.363636363636,0.574468085106,0.576923076923,0.527272727273,0.560975609756,0.492063492063,0.5,0.516666666667,0.5,0.509803921569,0.52,0.481481481481,0.571428571429,0.333333333333,0.409090909091,0.375,0.571428571429,0.659090909091,0.538461538462,0.375,0.468085106383,0.508474576271,0.431818181818,0.536585365854,0.611111111111,0.586956521739,0.612244897959,0.612244897959,0.568181818182,0.484848484848,0.460317460317,0.440677966102,0.522727272727,0.617021276596,0.636363636364,0.666666666667,0.446428571429,0.369565217391,0.340425531915,0.590909090909,0.434782608696,0.547169811321,0.490909090909,0.5,0.388888888889,0.438596491228,0.428571428571,0.5,0.529411764706,0.511627906977,0.469387755102,0.462962962963,0.459016393443,0.545454545455,0.438596491228,0.630434782609,0.461538461538,0.522727272727,0.484848484848,0.641509433962,0.6,0.530612244898,0.489795918367,0.46511627907,0.454545454545,0.528301886792,0.363636363636,0.522727272727,0.433333333333,0.521739130435,0.657142857143,0.46511627907,0.444444444444,0.446808510638,0.4375,0.612244897959,0.436363636364,0.37037037037,0.590909090909,0.396226415094,0.466666666667,0.633333333333,0.479166666667,0.491803278689,0.6,0.530303030303,0.532258064516,0.507936507937,0.481481481481,0.625,0.478260869565,0.423728813559,0.508474576271,0.525423728814,0.53488372093,0.729166666667,0.571428571429,0.511111111111,0.52,0.508196721311,0.473684210526,0.5,0.617021276596,0.549019607843,0.476923076923,0.333333333333,0.442307692308,0.595238095238,0.48,0.52,0.733333333333,0.345454545455,0.508196721311,0.809523809524,0.531914893617,0.45,0.507936507937,0.481481481481,0.452830188679,0.531914893617,0.583333333333,0.466666666667,0.51724137931,0.41095890411,0.466666666667,0.540540540541,0.434782608696,0.5,0.5,0.608695652174,0.642857142857,0.5,0.425,0.333333333333,0.5,0.452380952381,0.534482758621,0.395348837209,0.433962264151,0.535714285714,0.612903225806,0.529411764706,0.432432432432,0.463414634146,0.465517241379,0.592592592593,0.473684210526,0.434782608696,0.522727272727,0.685714285714,0.611111111111,0.542857142857,0.454545454545,0.44776119403,0.469387755102,0.431818181818,0.390625,0.528301886792,0.512195121951,0.634615384615,0.382978723404,0.491803278689,0.5,0.410714285714,0.54,0.4375,0.5,0.483333333333,0.547619047619,0.415094339623,0.472727272727,0.689655172414,0.471698113208,0.53125,0.571428571429,0.517857142857,0.571428571429,0.5,0.454545454545,0.547619047619,0.666666666667,0.567567567568,0.52380952381,0.4,0.466666666667,0.530612244898,0.416666666667,0.434782608696,0.467741935484,0.5,0.6875,0.461538461538,0.622641509434,0.478260869565,0.333333333333,0.607843137255,0.558139534884,0.530612244898,0.314285714286,0.452380952381,0.584905660377,0.5625,0.647058823529,0.54347826087,0.375,0.47619047619,0.509803921569,0.641025641026,0.519230769231,0.424242424242,0.388888888889,0.607142857143,0.595744680851,0.488888888889,0.509803921569,0.466666666667,0.510638297872,0.511627906977,0.475409836066,0.555555555556,0.52,0.559322033898,0.450980392157,0.468085106383,0.471698113208,0.584415584416,0.404255319149,0.4375,0.470588235294,0.4,0.408163265306,0.474576271186,0.450980392157,0.416666666667,0.536585365854,0.5,0.6,0.490566037736,0.547169811321,0.459459459459,0.582089552239,0.63829787234,0.591836734694,0.333333333333,0.6,0.391304347826,0.45,0.431818181818,0.657142857143,0.510204081633,0.561403508772,0.27027027027,0.75,0.467741935484,0.436363636364,0.466666666667,0.478260869565,0.375,0.492063492063,0.527777777778,0.460317460317,0.426229508197,0.577777777778,0.614035087719,0.5,0.465517241379,0.6,0.452380952381,0.557692307692,0.6,0.403225806452,0.396825396825,0.549019607843,0.368421052632,0.511111111111,0.644444444444,0.509090909091,0.388888888889,0.444444444444,0.465517241379,0.383561643836,0.531914893617,0.529411764706,0.425,0.512820512821,0.462962962963,0.365384615385,0.684210526316,0.387755102041,0.454545454545,0.475,0.630434782609,0.433962264151,0.486486486486,0.520833333333,0.491803278689,0.6,0.490196078431,0.521739130435,0.412698412698,0.448979591837,0.484848484848,0.452830188679,0.491803278689,0.487179487179,0.56,0.318181818182,0.628571428571,0.488372093023,0.425925925926,0.416666666667,0.583333333333,0.648648648649,0.609756097561,0.594594594595,0.509803921569,0.454545454545,0.448275862069,0.4,0.586956521739,0.462962962963,0.535714285714,0.459459459459,0.586956521739,0.628571428571,0.461538461538,0.538461538462,0.555555555556,0.487804878049,0.533333333333,0.442307692308,0.450980392157,0.450980392157,0.52,0.555555555556,0.357142857143,0.479166666667,0.470588235294,0.487179487179,0.692307692308,0.581395348837,0.581395348837,0.514285714286,0.490196078431,0.510638297872,0.612244897959,0.444444444444,0.421052631579,0.545454545455,0.555555555556,0.357142857143,0.604166666667,0.5,0.530612244898,0.531914893617,0.490196078431,0.45652173913,0.471698113208,0.448979591837,0.425925925926,0.467741935484,0.618181818182,0.388888888889,0.389830508475,0.311111111111,0.301886792453,0.423076923077,0.534482758621,0.557692307692,0.545454545455,0.5,0.488888888889,0.5,0.5,0.553846153846,0.527272727273,0.490909090909,0.553571428571,0.5,0.448979591837,0.432432432432,0.45,0.418604651163,0.425925925926,0.555555555556,0.431818181818,0.472727272727,0.5,0.446808510638,0.450980392157,0.545454545455,0.575757575758,0.582089552239,0.473684210526,0.489361702128,0.508771929825,0.510204081633,0.461538461538,0.462962962963,0.564102564103,0.375,0.423076923077,0.639344262295,0.633333333333,0.535714285714,0.395833333333,0.5,0.403225806452,0.410714285714,0.516666666667,0.584905660377,0.487179487179,0.566037735849,0.538461538462,0.615384615385,0.6,0.42,0.490909090909,0.55737704918,0.489361702128,0.610169491525,0.553191489362,0.520547945205,0.518518518519,0.431818181818,0.561403508772,0.454545454545,0.416666666667,0.303571428571,0.428571428571,0.547169811321,0.4,0.434782608696,0.5,0.555555555556,0.434782608696,0.511111111111,0.553191489362,0.436363636364,0.469387755102,0.431034482759,0.491228070175,0.586206896552,0.54,0.5,0.559322033898,0.47619047619,0.5,0.581818181818,0.560975609756,0.520833333333,0.45,0.516129032258,0.535714285714,0.442307692308,0.415094339623,0.444444444444,0.466666666667,0.581818181818,0.516666666667,0.530612244898,0.473684210526,0.5,0.766666666667,0.472727272727,0.422222222222,0.348837209302,0.510638297872,0.45652173913,0.568965517241,0.6,0.622641509434,0.478260869565,0.875,0.722222222222,0.571428571429,0.469696969697,0.473684210526,0.452380952381,0.422222222222,0.488888888889,0.473684210526,0.54,0.52,0.547619047619,0.5,0.536585365854,0.52380952381,0.461538461538,0.487804878049,0.512820512821,0.404255319149,0.409090909091,0.48275862069,0.6,0.589743589744,0.472222222222,0.492307692308,0.529411764706,0.6,0.566037735849,0.571428571429,0.454545454545,0.605263157895,0.54347826087,0.392857142857,0.477272727273,0.529411764706,0.452830188679,0.471698113208,0.511111111111,0.517857142857,0.612244897959,0.489361702128,0.555555555556,0.431034482759,0.425925925926,0.452830188679,0.5,0.65625,0.462962962963,0.482142857143,0.612903225806,0.524590163934,0.489795918367,0.403846153846,0.477272727273,0.466666666667,0.510204081633,0.365853658537,0.566037735849,0.385964912281,0.410714285714,0.457627118644,0.489361702128,0.404761904762,0.428571428571,0.4,0.479166666667,0.457142857143,0.344827586207,0.46511627907,0.578947368421,0.469387755102,0.531914893617,0.53488372093,0.4375,0.524590163934,0.458333333333,0.488888888889,0.52380952381,0.385964912281,0.371428571429,0.439024390244,0.454545454545,0.603773584906,0.545454545455,0.441860465116,0.557692307692,0.536585365854,0.461538461538,0.473684210526,0.613636363636,0.471698113208,0.433333333333,0.481481481481,0.537037037037,0.541666666667,0.433962264151,0.596153846154,0.444444444444,0.340909090909,0.491228070175,0.467741935484,0.415094339623,0.524590163934,0.472727272727,0.571428571429,0.5,0.529411764706,0.53488372093,0.596774193548,0.59375,0.519230769231,0.5,0.568181818182,0.532258064516,0.452830188679,0.46511627907,0.450980392157,0.490196078431,0.564516129032,0.618181818182,0.490196078431,0.416666666667,0.407407407407,0.5,0.614035087719,0.436363636364,0.64406779661,0.442307692308,0.54347826087,0.483870967742,0.51724137931,0.5,0.63829787234,0.462962962963,0.558139534884,0.511111111111,0.4,0.585365853659,0.489361702128,0.519230769231,0.458333333333,0.488372093023,0.431818181818,0.555555555556,0.516129032258,0.516666666667,0.424242424242,0.405405405405,0.651162790698,0.5,0.533333333333,0.484375,0.547619047619,0.538461538462,0.652173913043,0.511111111111,0.555555555556,0.657894736842,0.447368421053,0.510638297872,0.44262295082,0.490196078431,0.541666666667,0.46,0.56,0.555555555556,0.405405405405,0.538461538462,0.535714285714,0.4375,0.436363636364,0.607142857143,0.574468085106,0.545454545455,0.413043478261,0.608695652174,0.411764705882,0.404761904762,0.566037735849,0.423076923077,0.636363636364,0.615384615385,0.551020408163,0.333333333333,0.395348837209,0.543859649123,0.490909090909,0.538461538462,0.548387096774,0.411764705882,0.459016393443,0.543859649123,0.46,0.444444444444,0.575757575758,0.558823529412,0.484848484848,0.472222222222,0.428571428571,0.470588235294,0.594594594595,0.653846153846,0.594594594595,0.622222222222,0.46,0.410714285714,0.56,0.488888888889,0.407407407407,0.521739130435,0.528301886792,0.551020408163,0.588235294118,0.450980392157,0.489361702128,0.529411764706,0.527777777778,0.518518518519,0.52380952381,0.431818181818,0.477272727273,0.416666666667,0.421052631579,0.52380952381,0.487804878049,0.404255319149,0.5,0.435897435897,0.5,0.526315789474,0.573770491803,0.657894736842,0.52380952381,0.453125,0.481481481481,0.5,0.617021276596,0.508474576271,0.383333333333,0.444444444444,0.595744680851,0.648648648649,0.553191489362,0.5,0.468085106383,0.563636363636,0.546875,0.452380952381,0.488888888889,0.615384615385,0.511627906977,0.527272727273,0.53125,0.566666666667,0.4,0.622222222222,0.681818181818,0.571428571429,0.5,0.413793103448,0.469387755102,0.473684210526,0.617021276596,0.511627906977,0.5625,0.553571428571,0.489361702128,0.528301886792,0.48275862069,0.454545454545,0.5,0.590163934426,0.452380952381,0.396825396825,0.434782608696,0.574074074074,0.48,0.489361702128,0.461538461538,0.560606060606,0.423728813559,0.555555555556,0.377777777778,0.6,0.547619047619,0.612903225806,0.488372093023,0.5625,0.425925925926,0.625,0.409090909091,0.44,0.512195121951,0.607142857143,0.407407407407,0.392156862745,0.553571428571,0.361111111111,0.519230769231,0.473684210526,0.474576271186,0.514285714286,0.577464788732,0.48275862069,0.395833333333,0.444444444444,0.470588235294,0.588235294118,0.538461538462,0.594594594595,0.573770491803,0.625,0.5,0.571428571429,0.372549019608,0.339622641509,0.490566037736,0.463414634146,0.571428571429,0.591836734694,0.450980392157,0.509433962264,0.354166666667,0.490196078431,0.470588235294,0.607843137255,0.585365853659,0.542857142857,0.549019607843,0.509090909091,0.464285714286,0.551020408163,0.450980392157,0.547619047619,0.348837209302,0.418181818182,0.448275862069,0.456140350877,0.464285714286,0.428571428571,0.566037735849,0.454545454545,0.432432432432,0.528301886792,0.551020408163,0.529411764706,0.447368421053,0.711111111111,0.689655172414,0.422535211268,0.468085106383,0.584905660377,0.5,0.590909090909,0.491228070175,0.392156862745,0.523076923077,0.53488372093,0.413793103448,0.65,0.365853658537,0.531914893617,0.560975609756,0.611111111111,0.333333333333,0.442307692308,0.392857142857,0.425925925926,0.547169811321,0.5,0.509803921569,0.566666666667,0.55,0.525423728814,0.5,0.488888888889,0.545454545455,0.512195121951,0.518518518519,0.309523809524,0.5,0.468085106383,0.391304347826,0.627118644068,0.560975609756,0.387755102041,0.47619047619,0.490566037736,0.508196721311,0.4375,0.413793103448,0.547169811321,0.363636363636,0.5,0.549019607843,0.5,0.565217391304,0.411764705882,0.538461538462,0.377358490566,0.466666666667,0.520833333333,0.489795918367,0.651162790698,0.5,0.469387755102,0.528301886792,0.509433962264,0.444444444444,0.462962962963,0.46,0.444444444444,0.553571428571,0.613636363636,0.35,0.467741935484,0.469387755102,0.511111111111,0.42,0.5,0.558139534884,0.472727272727,0.408163265306,0.45652173913,0.573770491803,0.452830188679,0.575757575758,0.46511627907,0.490196078431,0.491228070175,0.539682539683,0.358490566038,0.6,0.5,0.51724137931,0.408163265306,0.516666666667,0.352941176471,0.5,0.458333333333,0.571428571429,0.591836734694,0.434782608696,0.56862745098,0.52,0.522727272727,0.52380952381,0.545454545455,0.414634146341,0.479166666667,0.566037735849,0.411764705882,0.616666666667,0.385964912281,0.461538461538,0.388059701493,0.457627118644,0.458333333333,0.577777777778,0.482142857143,0.552631578947,0.4375,0.428571428571,0.444444444444,0.466666666667,0.56862745098,0.5,0.461538461538,0.452380952381,0.473684210526,0.488888888889,0.4,0.474576271186,0.464285714286,0.545454545455,0.456140350877,0.510638297872,0.571428571429,0.578947368421,0.424657534247,0.666666666667,0.326530612245,0.574074074074,0.475,0.486486486486,0.603773584906,0.547169811321,0.52380952381,0.473684210526,0.581818181818,0.531914893617,0.532258064516,0.48275862069,0.525423728814,0.640625,0.452380952381,0.510204081633,0.387096774194,0.549019607843,0.571428571429,0.490909090909,0.43137254902,0.425531914894,0.404255319149,0.519230769231,0.375,0.541666666667,0.545454545455,0.53488372093,0.516666666667,0.516129032258,0.578947368421,0.54,0.52380952381,0.517857142857,0.54,0.446808510638,0.573770491803,0.59649122807,0.583333333333,0.551724137931,0.573770491803,0.519230769231,0.531914893617,0.557692307692,0.454545454545,0.387755102041,0.457627118644,0.563636363636,0.52,0.609756097561,0.685714285714,0.44262295082,0.509803921569,0.566666666667,0.555555555556,0.5,0.416666666667,0.415094339623,0.538461538462,0.5,0.607142857143,0.466666666667,0.4,0.489795918367,0.58,0.590909090909,0.53488372093,0.596774193548,0.423076923077,0.4,0.490196078431,0.533333333333,0.571428571429,0.709677419355,0.467741935484,0.636363636364,0.526315789474,0.51724137931,0.474576271186,0.522388059701,0.436363636364,0.454545454545,0.54,0.615384615385,0.422222222222,0.555555555556,0.609756097561,0.510204081633,0.5,0.441860465116,0.511627906977,0.613636363636,0.584615384615,0.46,0.557692307692,0.439024390244,0.428571428571,0.557692307692,0.553191489362,0.440677966102,0.410256410256,0.365384615385,0.5,0.551020408163,0.6,0.522727272727,0.551724137931,0.489795918367,0.5,0.485714285714,0.45652173913,0.428571428571,0.54,0.558139534884,0.555555555556,0.382978723404,0.576271186441,0.559322033898,0.469387755102,0.52380952381,0.6,0.508474576271,0.516129032258,0.479166666667,0.542372881356,0.512820512821,0.5,0.587301587302,0.511111111111,0.558139534884,0.472727272727,0.461538461538,0.425925925926,0.515625,0.517857142857,0.5,0.478260869565,0.44,0.475,0.4,0.590163934426,0.450980392157,0.515625,0.54347826087,0.355555555556,0.586956521739,0.617647058824,0.514285714286,0.465517241379,0.68,0.462962962963,0.451612903226,0.52,0.488888888889,0.589285714286,0.452830188679,0.637931034483,0.491525423729,0.565217391304,0.6,0.4,0.607843137255,0.65,0.375,0.666666666667,0.480769230769,0.386363636364,0.415094339623,0.522727272727,0.519230769231,0.557692307692,0.673469387755,0.465517241379,0.322580645161,0.466666666667,0.46511627907,0.553191489362,0.577777777778,0.526315789474,0.34375,0.522727272727,0.468085106383,0.542857142857,0.5,0.636363636364,0.481481481481,0.511627906977,0.416666666667,0.553571428571,0.488888888889,0.529411764706,0.613636363636,0.488888888889,0.4,0.375,0.571428571429,0.451612903226,0.487804878049,0.448979591837,0.45,0.533333333333,0.533333333333,0.449275362319,0.492307692308,0.463414634146,0.513513513514,0.432432432432,0.4375,0.538461538462,0.452830188679,0.489795918367,0.642857142857,0.388888888889,0.430555555556,0.470588235294,0.509433962264,0.418604651163,0.385964912281,0.603773584906,0.475409836066,0.483870967742,0.516666666667,0.514285714286,0.538461538462,0.5,0.425925925926,0.606060606061,0.604651162791,0.560975609756,0.5,0.541666666667,0.475,0.604166666667,0.510204081633,0.578947368421,0.537037037037,0.510638297872,0.442307692308,0.518518518519,0.6,0.372549019608,0.425925925926,0.552631578947,0.42,0.533333333333,0.567567567568,0.428571428571,0.56862745098,0.645833333333,0.558139534884,0.418604651163,0.577777777778,0.5,0.471428571429,0.4,0.5,0.363636363636,0.516666666667,0.35,0.4,0.468085106383,0.472727272727,0.54347826087,0.476923076923,0.511627906977,0.558139534884,0.480769230769,0.519230769231,0.5,0.611111111111,0.589743589744,0.4,0.423076923077,0.365384615385,0.65,0.540983606557,0.581395348837,0.552631578947,0.485294117647,0.517857142857,0.6,0.529411764706,0.340909090909,0.491228070175,0.513513513514,0.543859649123,0.490196078431,0.442307692308,0.357142857143,0.551020408163,0.5,0.297297297297,0.415094339623,0.416666666667,0.614035087719,0.527272727273,0.575,0.422222222222,0.454545454545,0.52,0.644444444444,0.553571428571,0.4,0.352941176471,0.535714285714,0.65306122449,0.490566037736,0.560975609756,0.342857142857,0.4,0.584905660377,0.6,0.571428571429,0.384615384615,0.352941176471,0.326530612245,0.34693877551,0.315789473684,0.516666666667,0.565217391304,0.490566037736,0.409090909091,0.491228070175,0.439393939394,0.444444444444,0.46,0.59649122807,0.619047619048,0.533333333333,0.428571428571,0.510638297872,0.581818181818,0.507936507937,0.5,0.468085106383,0.512195121951,0.542857142857,0.518518518519,0.5,0.525,0.5,0.685714285714,0.640625,0.568181818182,0.483333333333,0.465517241379,0.464285714286,0.5,0.326086956522,0.509090909091,0.415094339623,0.531914893617,0.551020408163,0.573770491803,0.5,0.519230769231,0.266666666667,0.509803921569,0.428571428571,0.586956521739,0.377358490566,0.64406779661,0.557692307692,0.673469387755,0.618181818182,0.387755102041,0.410256410256,0.471698113208,0.571428571429,0.529411764706,0.489795918367,0.534246575342,0.59375,0.519230769231,0.527272727273,0.566037735849,0.675,0.428571428571,0.512820512821,0.490196078431,0.516666666667,0.5,0.438596491228,0.45652173913,0.625,0.531914893617,0.468085106383,0.547169811321,0.5,0.509803921569,0.5,0.462962962963,0.384615384615,0.435897435897,0.428571428571,0.488372093023,0.512195121951,0.468085106383,0.527777777778,0.42,0.53488372093,0.5,0.604166666667,0.434782608696,0.5,0.5,0.551724137931,0.525,0.44,0.65306122449,0.56862745098,0.68085106383,0.609756097561,0.474576271186,0.47619047619,0.490909090909,0.465517241379,0.51724137931,0.510204081633,0.618181818182,0.490909090909,0.509803921569,0.470588235294,0.493150684932,0.481481481481,0.5,0.56,0.524590163934,0.551020408163,0.552631578947,0.40350877193,0.409836065574,0.4,0.508474576271,0.571428571429,0.509090909091,0.549019607843,0.563636363636,0.517857142857,0.473684210526,0.576271186441,0.583333333333,0.542372881356,0.516129032258,0.543859649123,0.478260869565,0.428571428571,0.469696969697,0.586956521739,0.42,0.456140350877,0.589285714286,0.51724137931,0.452830188679,0.46,0.5,0.58,0.511627906977,0.541666666667,0.509090909091,0.352941176471,0.411764705882,0.458333333333,0.395348837209,0.45652173913,0.448979591837,0.511111111111,0.659090909091,0.48275862069,0.462962962963,0.468085106383,0.512195121951,0.377049180328,0.435897435897,0.524590163934,0.5,0.528301886792,0.418604651163,0.603773584906,0.475,0.5,0.555555555556,0.611111111111,0.51724137931,0.555555555556,0.489361702128,0.589743589744,0.531914893617,0.439393939394,0.6,0.454545454545,0.490566037736,0.454545454545,0.433333333333,0.46511627907,0.44,0.461538461538,0.444444444444,0.528571428571,0.418604651163,0.484848484848,0.511627906977,0.560975609756,0.410714285714,0.548387096774,0.587301587302,0.516666666667,0.526315789474,0.58,0.5625,0.595238095238,0.564102564103,0.451612903226,0.510204081633,0.525423728814,0.368421052632,0.441860465116,0.484848484848,0.4,0.428571428571,0.389830508475,0.533333333333,0.5,0.490566037736,0.441176470588,0.522727272727,0.488888888889,0.428571428571,0.375,0.545454545455,0.490909090909,0.535714285714,0.6875,0.6,0.568965517241,0.5,0.630434782609,0.53488372093,0.44776119403,0.459459459459,0.382352941176,0.444444444444,0.59375,0.644444444444,0.444444444444,0.553191489362,0.5625,0.512820512821,0.48275862069,0.538461538462,0.488888888889,0.408163265306,0.617647058824,0.431818181818,0.553571428571,0.508474576271,0.479166666667,0.488372093023,0.628571428571,0.423728813559,0.538461538462,0.533333333333,0.5,0.521739130435,0.408163265306,0.551020408163,0.418181818182,0.327272727273,0.4,0.542372881356,0.474576271186,0.363636363636,0.441176470588,0.5625,0.411764705882,0.6,0.491525423729,0.410714285714,0.555555555556,0.589285714286,0.509433962264,0.479166666667,0.428571428571,0.395833333333,0.491228070175,0.433962264151,0.430769230769,0.430769230769,0.428571428571,0.441860465116,0.555555555556,0.486486486486,0.514285714286,0.530612244898,0.542372881356,0.5,0.533333333333,0.491525423729,0.392156862745,0.568965517241,0.507462686567,0.619047619048,0.520833333333,0.5625,0.509090909091,0.48275862069,0.4375,0.471698113208,0.559322033898,0.6,0.630434782609,0.539682539683,0.538461538462,0.462962962963,0.586956521739,0.433962264151,0.612244897959,0.666666666667,0.483870967742,0.488888888889,0.53488372093,0.441860465116,0.5,0.35,0.507692307692,0.444444444444,0.538461538462,0.482142857143,0.480769230769,0.422222222222,0.522727272727,0.557692307692,0.531914893617,0.566037735849,0.584905660377,0.395348837209,0.372549019608,0.560975609756,0.512820512821,0.444444444444,0.485714285714,0.557692307692,0.511627906977,0.522727272727,0.465517241379,0.568181818182,0.613636363636,0.689655172414,0.595238095238,0.541666666667,0.529411764706,0.5,0.489361702128,0.62962962963,0.470588235294,0.489361702128,0.479166666667,0.46,0.490196078431,0.469387755102,0.477272727273,0.477272727273,0.545454545455,0.491803278689,0.512820512821,0.31914893617,0.458333333333,0.410714285714,0.369565217391,0.535714285714,0.377777777778,0.436363636364,0.645833333333,0.531914893617,0.54,0.510204081633,0.520833333333,0.594594594595,0.477272727273,0.371428571429,0.4,0.645161290323,0.470588235294,0.333333333333,0.461538461538,0.434782608696,0.487804878049,0.574468085106,0.531914893617,0.58,0.5,0.557692307692,0.62962962963,0.55,0.56,0.493506493506,0.463414634146,0.488372093023,0.591836734694,0.571428571429,0.464285714286,0.485714285714,0.571428571429,0.372549019608,0.509803921569,0.531914893617,0.578947368421,0.644444444444,0.574468085106,0.605263157895,0.56862745098,0.591836734694,0.466666666667,0.441860465116,0.425531914894,0.513513513514,0.416666666667,0.526315789474,0.478260869565,0.45652173913,0.603773584906,0.563636363636,0.448979591837,0.571428571429,0.463414634146,0.514285714286,0.64406779661,0.509803921569,0.54,0.527272727273,0.566037735849,0.555555555556,0.5,0.5,0.358974358974,0.478260869565,0.537313432836,0.578947368421,0.519230769231,0.458333333333,0.588235294118,0.557692307692,0.444444444444,0.553571428571,0.551020408163,0.4,0.673076923077,0.454545454545,0.466666666667,0.431818181818,0.533333333333,0.459459459459,0.380952380952,0.518518518519,0.5,0.409836065574,0.425531914894,0.454545454545,0.5,0.535714285714,0.520833333333,0.510204081633,0.5,0.542372881356,0.463414634146,0.508474576271,0.470588235294,0.487804878049,0.590909090909,0.583333333333,0.461538461538,0.536585365854,0.479166666667,0.5,0.473684210526,0.409090909091,0.557692307692,0.488888888889,0.595744680851,0.480769230769,0.581395348837,0.433962264151,0.490566037736,0.6,0.458333333333,0.5,0.439393939394,0.519230769231,0.416666666667,0.571428571429,0.487179487179,0.487804878049,0.47619047619,0.551724137931,0.5,0.5,0.538461538462,0.571428571429,0.340425531915,0.333333333333,0.358974358974,0.462962962963,0.54,0.481481481481,0.404255319149,0.630434782609,0.5,0.487179487179,0.5,0.564102564103,0.559322033898,0.5,0.62962962963,0.571428571429,0.593220338983,0.425,0.78125,0.555555555556,0.491525423729,0.481481481481,0.521739130435,0.522727272727,0.315789473684,0.558139534884,0.560975609756,0.479166666667,0.366666666667,0.541666666667,0.470588235294,0.566037735849,0.492063492063,0.625,0.611111111111,0.340909090909,0.6,0.527272727273,0.549019607843,0.6,0.604651162791,0.553571428571,0.490566037736,0.464285714286,0.631578947368,0.461538461538,0.595744680851,0.613636363636,0.541666666667,0.515625,0.5,0.557692307692,0.567567567568,0.479166666667,0.514285714286,0.591836734694,0.435897435897,0.5,0.486486486486,0.58064516129,0.622222222222,0.478260869565,0.542857142857,0.520833333333,0.612244897959,0.528301886792,0.596153846154,0.508771929825,0.714285714286,0.466666666667,0.45,0.48275862069,0.540540540541,0.414634146341,0.557692307692,0.56,0.533333333333,0.365853658537,0.4375,0.433333333333,0.470588235294,0.627450980392,0.547619047619,0.527272727273,0.512195121951,0.541666666667,0.441860465116,0.633333333333,0.577777777778,0.347826086957,0.47619047619,0.352941176471,0.483870967742,0.484848484848,0.526315789474,0.471698113208,0.473684210526,0.425531914894,0.491525423729,0.581395348837,0.4,0.5625,0.604651162791,0.481481481481,0.571428571429,0.45,0.490566037736,0.525,0.5,0.575757575758,0.538461538462,0.414634146341,0.390243902439,0.421052631579,0.586956521739,0.588235294118,0.522727272727,0.538461538462,0.469387755102,0.529411764706,0.409090909091,0.454545454545,0.589743589744,0.660714285714,0.586956521739,0.490566037736,0.357142857143,0.535714285714,0.558823529412,0.574074074074,0.625,0.54347826087,0.603773584906,0.535211267606,0.551020408163,0.538461538462,0.464285714286,0.524590163934,0.634146341463,0.627118644068,0.450980392157,0.509433962264,0.612903225806,0.658536585366,0.491228070175,0.526315789474,0.52,0.574074074074,0.434782608696,0.473684210526,0.552631578947,0.451612903226,0.557692307692,0.609756097561,0.488888888889,0.566037735849,0.3,0.4,0.454545454545,0.463414634146,0.542372881356,0.645833333333,0.647058823529,0.586956521739,0.52,0.450980392157,0.578947368421,0.653846153846,0.519230769231,0.517857142857,0.34,0.627906976744,0.444444444444,0.586956521739,0.596153846154,0.546875,0.53125,0.510638297872,0.489795918367,0.45,0.384615384615,0.411764705882,0.549019607843,0.463414634146,0.45,0.618181818182,0.486486486486,0.490566037736,0.392857142857,0.619047619048,0.47619047619,0.555555555556,0.567567567568,0.583333333333,0.5,0.391304347826,0.462962962963,0.530612244898,0.551020408163,0.34375,0.5,0.544117647059,0.480769230769,0.487804878049,0.613636363636,0.489361702128,0.54347826087,0.375,0.546875,0.567164179104,0.511111111111,0.446808510638,0.621621621622,0.475,0.48,0.438596491228,0.561403508772,0.442307692308,0.45652173913,0.568181818182,0.675675675676,0.487804878049,0.341463414634,0.488888888889,0.482142857143,0.446808510638,0.875,0.590909090909,0.527777777778,0.642857142857,0.552631578947,0.547619047619,0.4,0.5,0.5,0.42,0.625,0.625,0.65,0.585365853659,0.375,0.520833333333,0.574468085106,0.576923076923,0.45652173913,0.477272727273,0.375,0.378378378378,0.5,0.589285714286,0.442307692308,0.469387755102,0.436363636364,0.630434782609,0.516129032258,0.436363636364,0.348837209302,0.439024390244,0.6,0.5,0.604651162791,0.488888888889,0.432432432432,0.487804878049,0.5,0.480769230769,0.514285714286,0.545454545455,0.491228070175,0.381818181818,0.333333333333,0.537037037037,0.519230769231,0.490196078431,0.52380952381,0.413043478261,0.711111111111,0.524590163934,0.404761904762,0.542857142857,0.44776119403,0.412698412698,0.395833333333,0.36,0.533333333333,0.464285714286,0.658536585366,0.44262295082,0.47619047619,0.435897435897,0.615384615385,0.333333333333,0.441860465116,0.468085106383,0.510204081633,0.340909090909,0.48275862069,0.448979591837,0.520833333333,0.566037735849,0.557692307692,0.545454545455,0.511627906977,0.606060606061,0.542857142857,0.489361702128,0.507692307692,0.568965517241,0.421875,0.458333333333,0.5,0.483870967742,0.566666666667,0.5,0.545454545455,0.418181818182,0.422222222222,0.491525423729,0.481481481481,0.465517241379,0.5,0.479166666667,0.434782608696,0.56,0.511627906977,0.466666666667,0.564102564103,0.434782608696,0.56,0.425531914894,0.571428571429,0.714285714286,0.454545454545,0.586956521739,0.413793103448,0.474576271186,0.428571428571,0.6,0.526315789474,0.530612244898,0.520547945205,0.517857142857,0.519230769231,0.53488372093,0.560975609756,0.48,0.53125,0.532258064516,0.454545454545,0.510204081633,0.478260869565,0.515151515152,0.45,0.583333333333,0.509090909091,0.491228070175,0.611111111111,0.490909090909,0.520833333333,0.5,0.511627906977,0.450980392157,0.431818181818,0.511627906977,0.522727272727,0.513513513514,0.473684210526,0.486486486486,0.441176470588,0.5,0.5,0.488372093023,0.444444444444,0.428571428571,0.488888888889,0.344827586207,0.377777777778,0.538461538462,0.487179487179,0.55,0.622950819672,0.464285714286,0.452830188679,0.566037735849,0.51724137931,0.527777777778,0.603174603175,0.509803921569,0.622222222222,0.551020408163,0.422222222222,0.563636363636,0.463414634146,0.490909090909,0.450980392157,0.65306122449,0.565217391304,0.454545454545,0.585365853659,0.53488372093,0.666666666667,0.4,0.584905660377,0.434782608696,0.423076923077,0.516666666667,0.682926829268,0.709677419355,0.627450980392,0.564102564103,0.409090909091,0.54347826087,0.558139534884,0.458333333333,0.576923076923,0.323529411765,0.509090909091,0.384615384615,0.520833333333,0.457627118644,0.52,0.41935483871,0.533333333333,0.414634146341,0.688888888889,0.360655737705,0.573770491803,0.472727272727,0.510638297872,0.607843137255,0.512195121951,0.487804878049,0.375,0.596153846154,0.452830188679,0.591836734694,0.44262295082,0.45652173913,0.457142857143,0.62,0.485714285714,0.510204081633,0.530612244898,0.4,0.531914893617,0.477272727273,0.5,0.510638297872,0.476923076923,0.491228070175,0.516666666667,0.5,0.666666666667,0.509803921569,0.520833333333,0.514285714286,0.409090909091,0.410714285714,0.595744680851,0.411764705882,0.509090909091,0.4,0.487804878049,0.333333333333,0.489795918367,0.512820512821,0.480769230769,0.433962264151,0.482142857143,0.611111111111,0.448979591837,0.473684210526,0.482142857143,0.5,0.36170212766,0.45,0.682926829268,0.5,0.428571428571,0.644444444444,0.489361702128,0.4375,0.56,0.657142857143,0.431818181818,0.538461538462,0.482142857143,0.553191489362,0.531914893617,0.574074074074,0.515151515152,0.525,0.442307692308,0.488888888889,0.558139534884,0.615384615385,0.461538461538,0.448979591837,0.487804878049,0.403846153846,0.446428571429,0.30612244898,0.292682926829,0.555555555556,0.433962264151,0.466666666667,0.523076923077,0.589743589744,0.44,0.342857142857,0.486486486486,0.518518518519,0.583333333333,0.535714285714,0.545454545455,0.6,0.488372093023,0.609756097561,0.483333333333,0.566666666667,0.424242424242,0.53125,0.396551724138,0.5,0.5,0.466666666667,0.516129032258,0.421052631579,0.432432432432,0.409836065574,0.645161290323,0.444444444444,0.438596491228,0.483870967742,0.44,0.528571428571,0.468085106383,0.590909090909,0.648648648649,0.595238095238,0.581818181818,0.549019607843,0.590909090909,0.478260869565,0.530612244898,0.48,0.446428571429,0.35,0.384615384615,0.5,0.467741935484,0.460317460317,0.530303030303,0.454545454545,0.469696969697,0.6,0.538461538462,0.5,0.4,0.487179487179,0.584905660377,0.4375,0.425531914894,0.457142857143,0.471698113208,0.461538461538,0.566666666667,0.574468085106,0.461538461538,0.468085106383,0.511627906977,0.45652173913,0.4,0.565217391304,0.385964912281,0.368421052632,0.489361702128,0.492063492063,0.510204081633,0.514705882353,0.446428571429,0.314814814815,0.348837209302,0.468085106383,0.538461538462,0.619047619048,0.636363636364,0.592592592593,0.479166666667,0.470588235294,0.413793103448,0.406779661017,0.422222222222,0.53488372093,0.413793103448,0.58,0.45,0.409090909091,0.66,0.586956521739,0.551020408163,0.462962962963,0.365853658537,0.574468085106,0.551724137931,0.5,0.615384615385,0.617647058824,0.581818181818,0.469387755102,0.526315789474,0.509433962264,0.411764705882,0.452830188679,0.509803921569,0.627118644068,0.418181818182,0.564102564103,0.410256410256,0.410256410256,0.584905660377,0.578947368421,0.5,0.391304347826,0.538461538462,0.525,0.54347826087,0.508771929825,0.608695652174,0.477272727273,0.606060606061,0.526315789474,0.642857142857,0.488372093023,0.548387096774,0.541666666667,0.54347826087,0.347826086957,0.560975609756,0.56,0.446428571429,0.568181818182,0.375,0.644444444444,0.480769230769,0.571428571429,0.530612244898,0.4,0.490196078431,0.533333333333,0.44262295082,0.488372093023,0.4,0.508474576271,0.460317460317,0.410714285714,0.484375,0.517857142857,0.605263157895,0.509433962264,0.612903225806,0.568965517241,0.444444444444,0.468085106383,0.380952380952,0.627906976744,0.432432432432,0.55,0.627906976744,0.469387755102,0.625,0.5,0.483870967742,0.491228070175,0.423728813559,0.485294117647,0.466666666667,0.543209876543,0.466666666667,0.5,0.442307692308,0.520833333333,0.615384615385,0.584615384615,0.547619047619,0.473684210526,0.459016393443,0.477272727273,0.444444444444,0.5,0.425,0.411764705882,0.545454545455,0.462962962963,0.309523809524,0.490909090909,0.446808510638,0.421052631579,0.428571428571,0.452830188679,0.529411764706,0.514285714286,0.484848484848,0.511111111111,0.5,0.461538461538,0.5,0.433333333333,0.531914893617,0.486486486486,0.608695652174,0.491228070175,0.508196721311,0.421052631579,0.642857142857,0.418604651163,0.525423728814,0.5,0.444444444444,0.491803278689,0.54347826087,0.45,0.47619047619,0.488888888889,0.558823529412,0.413043478261,0.384615384615,0.454545454545,0.457627118644,0.383333333333,0.545454545455,0.484848484848,0.466666666667,0.37037037037,0.6,0.488372093023,0.55,0.5,0.645833333333,0.416666666667,0.551724137931,0.423076923077,0.461538461538,0.545454545455,0.48,0.365384615385,0.510638297872,0.56338028169,0.561403508772,0.510638297872,0.346153846154,0.622222222222,0.470588235294,0.628571428571,0.613636363636,0.581818181818,0.403846153846,0.488888888889,0.413043478261,0.388888888889,0.479166666667,0.606557377049,0.684210526316,0.52,0.647058823529,0.522388059701,0.469387755102,0.290909090909,0.418181818182,0.509433962264,0.452830188679,0.553191489362,0.48275862069,0.490196078431,0.423076923077,0.375,0.30612244898,0.472727272727,0.492063492063,0.738095238095,0.615384615385,0.698412698413,0.511111111111,0.422222222222,0.477272727273,0.489795918367,0.509803921569,0.571428571429,0.555555555556,0.509433962264,0.469387755102,0.403846153846,0.36170212766,0.454545454545,0.568181818182,0.45652173913,0.52,0.488372093023,0.571428571429,0.416666666667,0.6,0.538461538462,0.478260869565,0.509433962264,0.492063492063,0.512820512821,0.477272727273,0.531914893617,0.568181818182,0.545454545455,0.571428571429,0.468085106383,0.446808510638,0.439024390244,0.431034482759,0.487804878049,0.472727272727,0.574468085106,0.604651162791,0.560975609756,0.428571428571,0.5,0.431034482759,0.512195121951,0.425,0.476923076923,0.6,0.52380952381,0.490196078431,0.5,0.518518518519,0.612903225806,0.538461538462,0.5,0.441860465116,0.481481481481,0.510638297872,0.409090909091,0.540540540541,0.611111111111,0.279069767442,0.537037037037,0.520833333333,0.512820512821,0.446808510638,0.410256410256,0.433333333333,0.428571428571,0.5,0.421052631579,0.55,0.511111111111,0.386363636364,0.466666666667,0.478260869565,0.608695652174,0.480769230769,0.588235294118,0.403846153846,0.583333333333,0.526315789474,0.527272727273,0.489361702128,0.37037037037,0.480769230769,0.533333333333,0.455882352941,0.377358490566,0.408163265306,0.588235294118,0.51724137931,0.611111111111,0.405405405405,0.571428571429,0.41935483871,0.533333333333,0.666666666667,0.490566037736,0.538461538462,0.486486486486,0.422222222222,0.462962962963,0.438596491228,0.347826086957,0.385964912281,0.55737704918,0.596153846154,0.491525423729,0.407407407407,0.433333333333,0.551020408163,0.54,0.4375,0.612244897959,0.510638297872,0.45652173913,0.510638297872,0.5,0.433962264151,0.547169811321,0.522727272727,0.518518518519,0.43137254902,0.613636363636,0.390625,0.538461538462,0.529411764706,0.478260869565,0.491228070175,0.44776119403,0.47619047619,0.446428571429,0.428571428571,0.490196078431,0.372549019608,0.5,0.527272727273,0.488888888889,0.408163265306,0.473684210526,0.482142857143,0.363636363636,0.513513513514,0.634146341463,0.559322033898,0.4,0.490196078431,0.448979591837,0.411764705882,0.509433962264,0.537037037037,0.480769230769,0.45,0.490196078431,0.444444444444,0.448275862069,0.538461538462,0.459016393443,0.537037037037,0.540983606557,0.526315789474,0.58,0.489795918367,0.538461538462,0.52,0.559322033898,0.480769230769,0.54,0.511111111111,0.510204081633,0.466666666667,0.487179487179,0.411764705882,0.325,0.524590163934,0.48,0.575,0.531914893617,0.423728813559,0.5,0.470588235294,0.578947368421,0.590909090909,0.44,0.43137254902,0.522727272727,0.568181818182,0.694444444444,0.5,0.584615384615,0.533333333333,0.509803921569,0.395833333333,0.404255319149,0.520833333333,0.467741935484,0.484375,0.409090909091,0.452830188679,0.56,0.590909090909,0.468085106383,0.644444444444,0.5,0.588235294118,0.558823529412,0.58,0.528301886792,0.469387755102,0.555555555556,0.389830508475,0.382978723404,0.382978723404,0.392156862745,0.55223880597,0.425531914894,0.510204081633,0.440677966102,0.588235294118,0.469387755102,0.525,0.4375,0.410256410256,0.489795918367,0.442307692308,0.472222222222,0.452830188679,0.436363636364,0.488372093023,0.647058823529,0.5,0.489361702128,0.5,0.441176470588,0.5,0.410714285714,0.548387096774,0.574074074074,0.658536585366,0.509803921569,0.44,0.603448275862,0.367346938776,0.58,0.396825396825,0.46511627907,0.666666666667,0.576923076923,0.411764705882,0.522727272727,0.463414634146,0.396226415094,0.416666666667,0.418181818182,0.529411764706,0.545454545455,0.54347826087,0.5,0.406779661017,0.609375,0.518518518519,0.469387755102,0.509803921569,0.518518518519,0.375,0.446808510638,0.45652173913,0.509090909091,0.466666666667,0.446808510638,0.382352941176,0.365853658537,0.613636363636,0.375,0.54,0.461538461538,0.466666666667,0.5,0.388888888889,0.459459459459,0.442307692308,0.555555555556,0.55,0.575,0.44,0.45652173913,0.487804878049,0.446808510638,0.642857142857,0.441860465116,0.566037735849,0.526315789474,0.45652173913,0.558823529412,0.488372093023,0.583333333333,0.566666666667,0.466666666667,0.462962962963,0.40350877193,0.5625,0.5,0.520833333333,0.58,0.565217391304,0.483870967742,0.453125,0.5,0.448979591837,0.433962264151,0.434782608696,0.491803278689,0.526315789474,0.647058823529,0.585365853659,0.549019607843,0.338709677419,0.513513513514,0.583333333333,0.428571428571,0.54,0.5,0.394736842105,0.439393939394,0.56862745098,0.522727272727,0.411764705882,0.511627906977,0.526315789474,0.405405405405,0.423728813559,0.386363636364,0.592592592593,0.489361702128,0.447368421053,0.487179487179,0.43137254902,0.432432432432,0.387755102041,0.512195121951,0.4375,0.510204081633,0.575,0.537037037037,0.510204081633,0.431818181818,0.563636363636,0.451612903226,0.488888888889,0.540540540541,0.431818181818,0.5,0.462962962963,0.404255319149,0.615384615385,0.549019607843,0.459016393443,0.472727272727,0.596153846154,0.612244897959,0.348837209302,0.527777777778,0.272727272727,0.428571428571,0.462962962963,0.583333333333,0.487804878049,0.58,0.462962962963,0.574468085106,0.526315789474,0.436363636364,0.473684210526,0.386363636364,0.6875,0.588235294118,0.509433962264,0.581395348837,0.617021276596,0.414634146341,0.48,0.533333333333,0.37037037037,0.555555555556,0.530612244898,0.627906976744,0.549019607843,0.511627906977,0.434782608696,0.463414634146,0.595238095238,0.446808510638,0.657142857143,0.45652173913,0.315789473684,0.450980392157,0.574468085106,0.53488372093,0.594594594595,0.314814814815,0.461538461538,0.469387755102,0.584905660377,0.512195121951,0.5,0.40350877193,0.590909090909,0.416666666667,0.527777777778,0.533333333333,0.5,0.553191489362,0.630434782609,0.444444444444,0.612244897959,0.574074074074,0.488372093023,0.591836734694,0.590163934426,0.590163934426,0.510204081633,0.555555555556,0.421052631579,0.55,0.44,0.423076923077,0.5,0.411764705882,0.423076923077,0.432432432432,0.468085106383,0.487804878049,0.535714285714,0.6,0.456140350877,0.6,0.584905660377,0.516129032258,0.568181818182,0.553191489362,0.368421052632,0.423076923077,0.411764705882,0.593220338983,0.466666666667,0.6,0.395348837209,0.342105263158,0.461538461538,0.490196078431,0.536585365854,0.489361702128,0.542372881356,0.555555555556,0.379310344828,0.5625,0.563636363636,0.444444444444,0.45,0.469387755102,0.5,0.538461538462,0.363636363636,0.510204081633,0.512195121951,0.595238095238,0.383333333333,0.589743589744,0.416666666667,0.59375,0.535714285714,0.415384615385,0.555555555556,0.465517241379,0.333333333333,0.514285714286,0.531914893617,0.551020408163,0.581818181818,0.368421052632,0.425925925926,0.454545454545,0.542857142857,0.536585365854,0.555555555556,0.512195121951,0.41935483871,0.538461538462,0.465517241379,0.454545454545,0.619047619048,0.53488372093,0.508474576271,0.488372093023,0.416666666667,0.48,0.365079365079,0.428571428571,0.58,0.518518518519,0.414634146341,0.52380952381,0.52380952381,0.575757575758,0.608695652174,0.543859649123,0.415094339623,0.40625,0.365853658537,0.52,0.352941176471,0.444444444444,0.592592592593,0.522727272727,0.545454545455,0.456140350877,0.537037037037,0.519230769231,0.508474576271,0.551724137931,0.522727272727,0.526315789474,0.418604651163,0.56,0.733333333333,0.590909090909,0.444444444444,0.42,0.555555555556,0.604651162791,0.641509433962,0.520833333333,0.54347826087,0.511627906977,0.44,0.5,0.561403508772,0.603773584906,0.541666666667,0.479166666667,0.538461538462,0.444444444444,0.423728813559,0.5,0.387755102041,0.576271186441,0.326923076923,0.488888888889,0.516666666667,0.450980392157,0.478260869565,0.627450980392,0.484848484848,0.527777777778,0.652173913043,0.444444444444,0.426229508197,0.536231884058,0.510638297872,0.484375,0.48,0.411764705882,0.477611940299,0.377777777778,0.551020408163,0.522727272727,0.533333333333,0.428571428571,0.415094339623,0.45652173913,0.537037037037,0.510204081633,0.518518518519,0.436363636364,0.512195121951,0.516129032258,0.424242424242,0.58064516129,0.442307692308,0.461538461538,0.56862745098,0.529411764706,0.428571428571,0.571428571429,0.642857142857,0.452830188679,0.440677966102,0.525,0.539682539683,0.561403508772,0.571428571429,0.434782608696,0.507042253521,0.434782608696,0.615384615385,0.452380952381,0.5,0.421052631579,0.485714285714,0.428571428571,0.507692307692,0.625,0.481481481481,0.53488372093,0.53488372093,0.447368421053,0.630434782609,0.444444444444,0.6,0.4,0.537037037037,0.463414634146,0.581395348837,0.45652173913,0.552631578947,0.425531914894,0.5,0.489361702128,0.444444444444,0.5,0.589743589744,0.6,0.512820512821,0.655172413793,0.466666666667,0.527777777778,0.421052631579,0.636363636364,0.533333333333,0.528301886792,0.627906976744,0.488372093023,0.609756097561,0.480769230769,0.525,0.446808510638,0.607843137255,0.555555555556,0.512195121951,0.571428571429,0.52380952381,0.532258064516,0.534482758621,0.510638297872,0.339622641509,0.54,0.549019607843,0.606060606061,0.375,0.4,0.54,0.509803921569,0.418604651163,0.480769230769,0.553191489362,0.512195121951,0.538461538462,0.509433962264,0.425531914894,0.468085106383,0.5,0.292682926829,0.4,0.489795918367,0.592592592593,0.530612244898,0.583333333333,0.478260869565,0.62962962963,0.404255319149,0.469387755102,0.392156862745,0.478260869565,0.575,0.595238095238,0.46511627907,0.454545454545,0.522727272727,0.535714285714,0.581395348837,0.536585365854,0.578947368421,0.520833333333,0.625,0.533333333333,0.568965517241,0.586956521739,0.5,0.560975609756,0.469387755102,0.442307692308,0.672131147541,0.552631578947,0.55,0.5,0.634146341463,0.547619047619,0.617021276596,0.575757575758,0.5,0.568181818182,0.47619047619,0.578947368421,0.631578947368,0.538461538462,0.6,0.555555555556,0.448979591837,0.418604651163,0.5,0.518518518519,0.477272727273,0.469387755102,0.52,0.384615384615,0.586956521739,0.510204081633,0.659574468085,0.538461538462,0.571428571429,0.452380952381,0.488372093023,0.631578947368,0.369565217391,0.385964912281,0.433333333333,0.512820512821,0.5,0.484848484848,0.471698113208,0.414634146341,0.614035087719,0.673076923077,0.533333333333,0.410256410256,0.489795918367,0.534482758621,0.545454545455,0.528301886792,0.490566037736,0.5,0.45652173913,0.558139534884,0.354838709677,0.631578947368,0.528301886792,0.425531914894,0.311111111111,0.553191489362,0.384615384615,0.674418604651,0.571428571429,0.555555555556,0.452380952381,0.576271186441,0.480769230769,0.5,0.469387755102,0.586956521739,0.5,0.576923076923,0.35,0.5,0.416666666667,0.543859649123,0.512820512821,0.533333333333,0.43137254902,0.404255319149,0.489795918367,0.425531914894,0.44,0.490909090909,0.466666666667,0.510204081633,0.491803278689,0.436363636364,0.574468085106,0.520833333333,0.560975609756,0.530612244898,0.446428571429,0.34693877551,0.540983606557,0.55,0.530612244898,0.5,0.531914893617,0.44262295082,0.46875,0.418604651163,0.631578947368,0.354166666667,0.36170212766,0.543859649123,0.438596491228,0.317073170732,0.415094339623,0.56,0.458333333333,0.641025641026,0.52380952381,0.627906976744,0.470588235294,0.511627906977,0.575,0.576271186441,0.458333333333,0.606557377049,0.547619047619,0.6,0.565217391304,0.53125,0.59649122807,0.413043478261,0.5625,0.681818181818,0.488888888889,0.487179487179,0.421052631579,0.44,0.489795918367,0.521739130435,0.45652173913,0.470588235294,0.46511627907,0.574468085106,0.583333333333,0.5,0.463414634146,0.381818181818,0.509433962264,0.492537313433,0.438596491228,0.396551724138,0.59375,0.485714285714,0.491525423729,0.458333333333,0.518518518519,0.516129032258,0.470588235294,0.5,0.539682539683,0.448979591837,0.51724137931,0.414634146341,0.452380952381,0.567567567568,0.514285714286,0.5,0.589743589744,0.549019607843,0.491803278689,0.479166666667,0.558823529412,0.531914893617,0.515151515152,0.510204081633,0.4375,0.578947368421,0.564102564103,0.446428571429,0.54,0.416666666667,0.574468085106,0.574074074074,0.428571428571,0.522727272727,0.454545454545,0.4,0.547619047619,0.508771929825,0.547169811321,0.52380952381,0.533333333333,0.517857142857,0.68085106383,0.472222222222,0.428571428571,0.519230769231,0.5,0.484848484848,0.448979591837,0.428571428571,0.461538461538,0.378378378378,0.542857142857,0.480769230769,0.434782608696,0.551724137931,0.489361702128,0.481481481481,0.5625,0.54347826087,0.592592592593,0.510204081633,0.519230769231,0.433333333333,0.491228070175,0.526315789474,0.510638297872,0.522727272727,0.6,0.522727272727,0.529411764706,0.375,0.565217391304,0.447368421053,0.46,0.361111111111,0.527272727273,0.47619047619,0.677419354839,0.375,0.471698113208,0.51724137931,0.444444444444,0.40350877193,0.586956521739,0.615384615385,0.431818181818,0.395348837209,0.563636363636,0.461538461538,0.410256410256,0.365384615385,0.536231884058,0.491525423729,0.442307692308,0.384615384615,0.446808510638,0.478260869565,0.547619047619,0.530612244898,0.460317460317,0.52,0.392857142857,0.446428571429,0.424242424242,0.472222222222,0.583333333333,0.509803921569,0.522727272727,0.525423728814,0.54347826087,0.525423728814,0.551724137931,0.491525423729,0.53488372093,0.563636363636,0.534482758621,0.531914893617,0.416666666667,0.529411764706,0.53488372093,0.442307692308,0.583333333333,0.4375,0.454545454545,0.631578947368,0.525,0.452830188679,0.560975609756,0.5,0.472727272727,0.483333333333,0.44,0.489361702128,0.483870967742,0.513513513514,0.458333333333,0.537037037037,0.555555555556,0.531914893617,0.529411764706,0.314285714286,0.479166666667,0.571428571429,0.56862745098,0.510204081633,0.48275862069,0.5,0.464285714286,0.509433962264,0.396226415094,0.487179487179,0.487179487179,0.430769230769,0.479166666667,0.387096774194,0.527777777778,0.43137254902,0.372093023256,0.4,0.509433962264,0.509090909091,0.452380952381,0.5,0.469387755102,0.384615384615,0.52,0.682926829268,0.428571428571,0.508474576271,0.574074074074,0.530612244898,0.666666666667,0.5,0.476923076923,0.407407407407,0.481481481481,0.560606060606,0.333333333333,0.392857142857,0.309523809524,0.423076923077,0.408163265306,0.375,0.52380952381,0.55,0.603773584906,0.45,0.478260869565,0.489361702128,0.408163265306,0.366666666667,0.485714285714,0.508196721311,0.459016393443,0.5,0.438596491228,0.459016393443,0.536585365854,0.5,0.555555555556,0.489361702128,0.513513513514,0.6875,0.578125,0.5,0.512195121951,0.457142857143,0.410256410256,0.515151515152,0.526315789474,0.425531914894,0.488372093023,0.555555555556,0.5,0.526315789474,0.684210526316,0.5,0.48,0.487804878049,0.545454545455,0.410256410256,0.59375,0.574468085106,0.545454545455,0.674418604651,0.428571428571,0.436363636364,0.489795918367,0.5,0.538461538462,0.549019607843,0.5,0.511111111111,0.658536585366,0.42,0.6,0.467741935484,0.5,0.444444444444,0.551020408163,0.530612244898,0.6,0.490566037736,0.5,0.302325581395,0.326530612245,0.528301886792,0.615384615385,0.51724137931,0.442307692308,0.297297297297,0.5625,0.510638297872,0.527272727273,0.480769230769,0.431818181818,0.596153846154,0.386363636364,0.482142857143,0.666666666667,0.431818181818,0.395833333333,0.540540540541,0.534482758621,0.65,0.411764705882,0.442307692308,0.595238095238,0.488888888889,0.537037037037,0.531914893617,0.425,0.517857142857,0.5,0.431818181818,0.469696969697,0.46511627907,0.461538461538,0.520833333333,0.507936507937,0.468085106383,0.452380952381,0.465517241379,0.5625,0.585365853659,0.411764705882,0.543859649123,0.52380952381,0.390243902439,0.413043478261,0.484375,0.507246376812,0.521739130435,0.571428571429,0.5,0.516129032258,0.604651162791,0.441860465116,0.409090909091,0.372093023256,0.457627118644,0.294117647059,0.357142857143,0.5,0.533333333333,0.6,0.533333333333,0.377358490566,0.642857142857,0.416666666667,0.424242424242,0.520833333333,0.510638297872,0.631578947368,0.648148148148,0.447368421053,0.414634146341,0.528301886792,0.534482758621,0.581395348837,0.566666666667,0.569230769231,0.492753623188,0.439024390244,0.530612244898,0.622222222222,0.576923076923,0.446808510638,0.425531914894,0.480769230769,0.479166666667,0.422222222222,0.448979591837,0.58,0.54347826087,0.490566037736,0.462962962963,0.413043478261,0.382352941176,0.527777777778,0.512820512821,0.551724137931,0.565217391304,0.574468085106,0.477272727273,0.448979591837,0.439024390244,0.468085106383,0.538461538462,0.553191489362,0.483333333333,0.481481481481,0.5,0.625,0.5,0.5,0.558139534884,0.5,0.520833333333,0.508196721311,0.512195121951,0.525,0.444444444444,0.54,0.592592592593,0.46,0.442307692308,0.441176470588,0.483870967742,0.466666666667,0.567567567568,0.444444444444,0.491525423729,0.507692307692,0.528301886792,0.36170212766,0.52,0.463414634146,0.475409836066,0.652173913043,0.558823529412,0.555555555556,0.648648648649,0.651162790698,0.531914893617,0.395833333333,0.422222222222,0.56862745098,0.466666666667,0.468085106383,0.51724137931,0.520833333333,0.434782608696,0.4,0.488888888889,0.541666666667,0.486486486486,0.344262295082,0.463414634146,0.622222222222,0.52,0.5,0.4375,0.43137254902,0.510638297872,0.5,0.480769230769,0.539682539683,0.551020408163,0.4375,0.46,0.4375,0.594202898551,0.526315789474,0.518518518519,0.466666666667,0.342857142857,0.542857142857,0.655172413793,0.666666666667,0.560975609756,0.394736842105,0.517857142857,0.477272727273,0.510204081633,0.549019607843,0.5,0.421052631579,0.358974358974,0.507462686567,0.518518518519,0.553571428571,0.632653061224,0.65,0.628571428571,0.666666666667,0.625,0.472727272727,0.558823529412,0.571428571429,0.585365853659,0.5,0.475,0.463414634146,0.605263157895,0.578947368421,0.416666666667,0.478260869565,0.586206896552,0.595744680851,0.520833333333,0.365853658537,0.452830188679,0.509090909091,0.476923076923,0.474576271186,0.452830188679,0.458333333333,0.472727272727,0.533333333333,0.553191489362,0.519230769231,0.5,0.530303030303,0.5,0.607843137255,0.423728813559,0.380952380952,0.571428571429,0.478260869565,0.578947368421,0.477272727273,0.452380952381,0.410714285714,0.56,0.518518518519,0.444444444444,0.631578947368,0.595744680851,0.45652173913,0.595238095238,0.512820512821,0.527777777778,0.435897435897,0.470588235294,0.526315789474,0.408163265306,0.602941176471,0.48,0.377777777778,0.52380952381,0.434782608696,0.5,0.422222222222,0.446808510638,0.403846153846,0.5625,0.510204081633,0.6,0.486486486486,0.4375,0.404255319149,0.5,0.540983606557,0.46511627907,0.577777777778,0.545454545455,0.538461538462,0.586206896552,0.519230769231,0.466666666667,0.484848484848,0.55,0.5,0.421052631579,0.441860465116,0.413043478261,0.574074074074,0.475,0.5,0.434782608696,0.6,0.46,0.444444444444,0.579710144928,0.522727272727,0.45,0.590909090909,0.508771929825,0.433962264151,0.530612244898,0.484848484848,0.613636363636,0.590909090909,0.486486486486,0.55,0.578947368421,0.448979591837,0.525,0.557692307692,0.375,0.428571428571,0.583333333333,0.59375,0.555555555556,0.489795918367,0.553191489362,0.5,0.588235294118,0.510638297872,0.5,0.470588235294,0.571428571429,0.446808510638,0.411764705882,0.458333333333,0.529411764706,0.478260869565,0.510638297872,0.55223880597,0.47619047619,0.411764705882,0.35,0.415384615385,0.484848484848,0.410256410256,0.458333333333,0.584905660377,0.612903225806,0.609756097561,0.394736842105,0.545454545455,0.411764705882,0.372093023256,0.488372093023,0.5,0.522727272727,0.478260869565,0.588235294118,0.558139534884,0.588235294118,0.517857142857,0.548387096774,0.387096774194,0.416666666667,0.432432432432,0.545454545455,0.472727272727,0.433962264151,0.378378378378,0.4,0.594594594595,0.625,0.590909090909,0.553191489362,0.642857142857,0.477272727273,0.5,0.488372093023,0.692307692308,0.514285714286,0.608695652174,0.444444444444,0.454545454545,0.684210526316,0.542372881356,0.620689655172,0.614035087719,0.47619047619,0.54347826087,0.609756097561,0.521739130435,0.5,0.479166666667,0.5,0.425531914894,0.5,0.511627906977,0.475,0.27027027027,0.464285714286,0.535211267606,0.54,0.430769230769,0.594594594595,0.529411764706,0.566037735849,0.568965517241,0.527272727273,0.590163934426,0.575,0.395833333333,0.565217391304,0.380952380952,0.533333333333,0.533333333333,0.512195121951,0.473684210526,0.438596491228,0.5,0.488888888889,0.529411764706,0.6,0.538461538462,0.395833333333,0.509433962264,0.568965517241,0.512195121951,0.516129032258,0.486486486486,0.466666666667,0.473684210526,0.475,0.586956521739,0.45652173913,0.446428571429,0.44262295082,0.55,0.372549019608,0.520833333333,0.408163265306,0.5,0.450980392157,0.5,0.549019607843,0.488372093023,0.4375,0.377777777778,0.447368421053,0.55,0.489361702128,0.625,0.433962264151,0.54,0.5,0.521739130435,0.566037735849,0.52,0.584905660377,0.438596491228,0.378378378378,0.608695652174,0.5,0.5,0.492063492063,0.54347826087,0.481481481481,0.470588235294,0.492753623188,0.548387096774,0.509090909091,0.479166666667,0.46875,0.609756097561,0.525423728814,0.690476190476,0.418604651163,0.461538461538,0.473684210526,0.586206896552,0.549019607843,0.46875,0.545454545455,0.446808510638,0.571428571429,0.346153846154,0.542372881356,0.475,0.619047619048,0.480769230769,0.489361702128,0.520833333333,0.409090909091,0.466666666667,0.54,0.526315789474,0.410714285714,0.512820512821,0.387755102041,0.674418604651,0.468085106383,0.518518518519,0.56862745098,0.578947368421,0.55,0.567567567568,0.444444444444,0.583333333333,0.489795918367,0.490196078431,0.522727272727,0.461538461538,0.52380952381,0.416666666667,0.450980392157,0.507042253521,0.526315789474,0.7,0.551020408163,0.482142857143,0.641509433962,0.560975609756,0.490196078431,0.471698113208,0.565217391304,0.486486486486,0.526315789474,0.512820512821,0.4375,0.452830188679,0.418604651163,0.619047619048,0.395348837209,0.461538461538,0.4,0.457627118644,0.46875,0.333333333333,0.585365853659,0.489361702128,0.540540540541,0.605263157895,0.536585365854,0.508196721311,0.608695652174,0.469387755102,0.55737704918,0.40625,0.487804878049,0.520833333333,0.446428571429,0.474576271186,0.477272727273,0.552631578947,0.385964912281,0.5,0.5,0.484375,0.441176470588,0.474576271186,0.553191489362,0.508474576271,0.527272727273,0.516666666667,0.387755102041,0.404255319149,0.375,0.586206896552,0.428571428571,0.528301886792,0.439024390244,0.382978723404,0.529411764706,0.433962264151,0.558823529412,0.588235294118,0.354166666667,0.368421052632,0.45,0.472727272727,0.628571428571,0.446808510638,0.474576271186,0.5625,0.63829787234,0.410256410256,0.509433962264,0.433962264151,0.396226415094,0.468085106383,0.446808510638,0.446808510638,0.568181818182,0.5,0.458333333333,0.476923076923,0.475,0.47619047619,0.530612244898,0.546875,0.604166666667,0.418604651163,0.483333333333,0.318181818182,0.418604651163,0.410714285714,0.553191489362,0.633802816901,0.38,0.568965517241,0.4,0.538461538462,0.475,0.508771929825,0.446428571429,0.529411764706,0.461538461538,0.611111111111,0.651162790698,0.387755102041,0.40350877193,0.381818181818,0.511627906977,0.40350877193,0.51724137931,0.446808510638,0.4375,0.408163265306,0.565217391304,0.576923076923,0.52380952381,0.416666666667,0.53488372093,0.542857142857,0.5,0.586956521739,0.563636363636,0.428571428571,0.488372093023,0.52380952381,0.418604651163,0.446153846154,0.583333333333,0.555555555556,0.407407407407,0.489361702128,0.56862745098,0.615384615385,0.481481481481,0.541666666667,0.462962962963,0.508474576271,0.405405405405,0.551020408163,0.585365853659,0.521739130435,0.409090909091,0.533333333333,0.557692307692,0.52,0.442307692308,0.404255319149,0.4,0.515151515152,0.613636363636,0.521739130435,0.390243902439,0.534482758621,0.6,0.48275862069,0.551724137931,0.509803921569,0.414634146341,0.446428571429,0.413043478261,0.384615384615,0.352941176471,0.526315789474,0.438596491228,0.452830188679,0.607843137255,0.52380952381,0.489361702128,0.488888888889,0.486486486486,0.567567567568,0.470588235294,0.605263157895,0.333333333333,0.457627118644,0.463414634146,0.552631578947,0.475,0.529411764706,0.66,0.489361702128,0.382978723404,0.577777777778,0.571428571429,0.54347826087,0.575,0.564102564103,0.426229508197,0.451612903226,0.65,0.6,0.480769230769,0.468085106383,0.409090909091,0.54,0.470588235294,0.377777777778,0.6,0.634146341463,0.666666666667,0.403846153846,0.578125,0.52380952381,0.4,0.509803921569,0.465517241379,0.44262295082,0.641025641026,0.538461538462,0.395833333333,0.413793103448,0.454545454545,0.513513513514,0.407407407407,0.588235294118,0.565217391304,0.488372093023,0.672131147541,0.463414634146,0.452830188679,0.425531914894,0.52380952381,0.555555555556,0.527272727273,0.579710144928,0.333333333333,0.571428571429,0.412698412698,0.452380952381,0.555555555556,0.428571428571,0.571428571429,0.761904761905,0.490909090909,0.555555555556,0.377358490566,0.533333333333,0.566037735849,0.5,0.468085106383,0.545454545455,0.595744680851,0.518518518519,0.603773584906,0.368421052632,0.38,0.6,0.347826086957,0.45652173913,0.552631578947,0.527272727273,0.46511627907,0.473684210526,0.441860465116,0.510204081633,0.555555555556,0.454545454545,0.586206896552,0.58,0.593220338983,0.509433962264,0.551020408163,0.454545454545,0.545454545455,0.591836734694,0.555555555556,0.40350877193,0.564102564103,0.558139534884,0.512195121951,0.642857142857,0.488372093023,0.452830188679,0.440677966102,0.510204081633,0.540540540541,0.553571428571,0.428571428571,0.425531914894,0.5,0.517857142857,0.596153846154,0.551020408163,0.489795918367,0.396226415094,0.565217391304,0.5,0.511111111111,0.551020408163,0.53125,0.54,0.533333333333,0.448275862069,0.5,0.471698113208,0.543859649123,0.47619047619,0.461538461538,0.441860465116,0.684210526316,0.509090909091,0.568181818182,0.509433962264,0.551020408163,0.436363636364,0.46,0.485714285714,0.566037735849,0.588235294118,0.826923076923,0.6875,0.475409836066,0.5,0.625,0.5625,0.516129032258,0.458333333333,0.392156862745,0.575,0.520833333333,0.59649122807,0.408163265306,0.358974358974,0.478873239437,0.608695652174,0.452830188679,0.711111111111,0.702127659574,0.54,0.509803921569,0.5,0.509433962264,0.439024390244,0.508771929825,0.387755102041,0.348837209302,0.673913043478,0.613636363636,0.431818181818,0.559322033898,0.4,0.46511627907,0.558139534884,0.555555555556,0.519230769231,0.511111111111,0.545454545455,0.48,0.6,0.6,0.530612244898,0.404761904762,0.521739130435,0.586956521739,0.472727272727,0.581395348837,0.45,0.465517241379,0.45652173913,0.416666666667,0.48275862069,0.5,0.481481481481,0.534482758621,0.430769230769,0.394736842105,0.372093023256,0.529411764706,0.576923076923,0.555555555556,0.452380952381,0.574468085106,0.483333333333,0.571428571429,0.585365853659,0.466666666667,0.44,0.489795918367,0.5,0.454545454545,0.470588235294,0.608695652174,0.448979591837,0.35593220339,0.408163265306,0.5,0.58064516129,0.432432432432,0.521739130435,0.583333333333,0.605263157895,0.444444444444,0.45652173913,0.514285714286,0.428571428571,0.446808510638,0.576271186441,0.647058823529,0.526315789474,0.787878787879,0.54,0.571428571429,0.540983606557,0.545454545455,0.586206896552,0.528301886792,0.448979591837,0.512195121951,0.545454545455,0.6,0.571428571429,0.489795918367,0.54347826087,0.411764705882,0.510638297872,0.630434782609,0.537037037037,0.466666666667,0.433333333333,0.5625,0.367346938776,0.464285714286,0.513513513514,0.51724137931,0.647058823529,0.555555555556,0.430769230769,0.479166666667,0.372549019608,0.673913043478,0.393939393939,0.462962962963,0.647058823529,0.5625,0.553846153846,0.530612244898,0.574468085106,0.446808510638,0.53125,0.578947368421,0.547169811321,0.519230769231,0.431818181818,0.545454545455,0.571428571429,0.450980392157,0.588235294118,0.411764705882,0.442307692308,0.518518518519,0.619047619048,0.422222222222,0.325,0.405405405405,0.475,0.560975609756,0.473684210526,0.446428571429,0.395348837209,0.555555555556,0.52,0.581395348837,0.421052631579,0.553191489362,0.548387096774,0.413793103448,0.441860465116,0.631578947368,0.568181818182,0.5,0.509803921569,0.578947368421,0.507936507937,0.489361702128,0.589285714286,0.560975609756,0.517857142857,0.468085106383,0.6,0.519230769231,0.553571428571,0.553191489362,0.538461538462,0.489361702128,0.418181818182,0.5,0.5,0.425925925926,0.490196078431,0.576271186441,0.604651162791,0.595238095238,0.458333333333,0.406779661017,0.446808510638,0.526315789474,0.483870967742,0.45652173913,0.674418604651,0.510638297872,0.474576271186,0.470588235294,0.666666666667,0.592592592593,0.333333333333,0.569230769231,0.723404255319,0.468085106383,0.418604651163,0.514705882353,0.396226415094,0.571428571429,0.568965517241,0.507692307692,0.512195121951,0.479166666667,0.433962264151,0.418604651163,0.448275862069,0.604166666667,0.413043478261,0.537037037037,0.425925925926,0.487179487179,0.5,0.508474576271,0.720930232558,0.338709677419,0.456140350877,0.578947368421,0.373134328358,0.435897435897,0.53125,0.462962962963,0.509090909091,0.548387096774,0.461538461538,0.5,0.552631578947,0.59649122807,0.558441558442,0.433962264151,0.471698113208,0.435483870968,0.472727272727,0.6,0.362068965517,0.527272727273,0.461538461538,0.589743589744,0.428571428571,0.355555555556,0.5,0.488372093023,0.578947368421,0.48,0.642857142857,0.442307692308,0.525,0.511627906977,0.510638297872,0.422222222222,0.612244897959,0.477272727273,0.4,0.509433962264,0.426470588235,0.41095890411,0.385714285714,0.40350877193,0.475409836066,0.510204081633,0.469387755102,0.481481481481,0.66,0.490196078431,0.560606060606,0.454545454545,0.416666666667,0.348837209302,0.379310344828,0.314285714286,0.5,0.466666666667,0.529411764706,0.461538461538,0.627450980392,0.48,0.509803921569,0.511111111111,0.551724137931,0.5,0.466666666667,0.485714285714,0.605263157895,0.52,0.594594594595,0.413043478261,0.558139534884,0.526315789474,0.413043478261,0.516666666667,0.456140350877,0.407407407407,0.382352941176,0.461538461538,0.459016393443,0.392156862745,0.575,0.5,0.461538461538,0.46,0.642857142857,0.52380952381,0.5,0.448979591837,0.642857142857,0.5,0.666666666667,0.576271186441,0.452380952381,0.611111111111,0.519230769231,0.369565217391,0.466666666667,0.410256410256,0.5,0.509803921569,0.526315789474,0.440677966102,0.666666666667,0.596153846154,0.479166666667,0.40350877193,0.4,0.474576271186,0.561403508772,0.40350877193,0.521739130435,0.571428571429,0.311111111111,0.550724637681,0.472727272727,0.477272727273,0.531914893617,0.538461538462,0.377777777778,0.425531914894,0.472222222222,0.4,0.4,0.418181818182,0.428571428571,0.403846153846,0.5,0.425531914894,0.333333333333,0.541666666667,0.461538461538,0.454545454545,0.359375,0.309090909091,0.488888888889,0.535714285714,0.642857142857,0.513513513514,0.531914893617,0.509803921569,0.534482758621,0.48,0.486486486486,0.458333333333,0.5,0.5,0.478260869565,0.468085106383,0.472727272727,0.519230769231,0.55,0.47619047619,0.375,0.452380952381,0.475,0.518518518519,0.479166666667,0.418181818182,0.481481481481,0.475,0.444444444444,0.4,0.378378378378,0.622641509434,0.423076923077,0.6,0.365853658537,0.44,0.511627906977,0.541666666667,0.545454545455,0.585365853659,0.4,0.510638297872,0.548387096774,0.555555555556,0.522727272727,0.575,0.487179487179,0.454545454545,0.512195121951,0.452380952381,0.621621621622,0.596774193548,0.581395348837,0.442307692308,0.604166666667,0.512820512821,0.377358490566,0.42,0.617021276596,0.625,0.511627906977,0.363636363636,0.422222222222,0.441860465116,0.5,0.461538461538,0.520833333333,0.553571428571,0.551020408163,0.54347826087,0.461538461538,0.4,0.488372093023,0.365079365079,0.52,0.527777777778,0.5,0.365853658537,0.35,0.317073170732,0.4375,0.418604651163,0.581395348837,0.605263157895,0.408163265306,0.595238095238,0.425,0.6,0.54347826087,0.487179487179,0.472727272727,0.520833333333,0.410256410256,0.5,0.487179487179,0.428571428571,0.48275862069,0.405405405405,0.422222222222,0.418604651163,0.450980392157,0.387755102041,0.415094339623,0.483333333333,0.414285714286,0.507042253521,0.650793650794,0.387096774194,0.4,0.560975609756,0.394736842105,0.382352941176,0.568181818182,0.543859649123,0.526315789474,0.45652173913,0.4375,0.520833333333,0.568181818182,0.5,0.607142857143,0.509433962264,0.450980392157,0.439024390244,0.326086956522,0.547619047619,0.5,0.486486486486,0.628571428571,0.45,0.555555555556,0.488372093023,0.5,0.545454545455,0.44262295082,0.407407407407,0.444444444444,0.625,0.510204081633,0.511627906977,0.555555555556,0.537037037037,0.549019607843,0.411764705882,0.454545454545,0.5,0.567567567568,0.47619047619,0.625,0.485714285714,0.461538461538,0.4375,0.525,0.59649122807,0.519230769231,0.442307692308,0.533333333333,0.472727272727,0.4,0.4,0.5,0.6,0.581395348837,0.7,0.675675675676,0.65306122449,0.589285714286,0.6,0.421052631579,0.473684210526,0.555555555556,0.551020408163,0.470588235294,0.395833333333,0.5,0.479166666667,0.5,0.485714285714,0.418604651163,0.527777777778,0.489795918367,0.470588235294,0.510204081633,0.478260869565,0.309523809524,0.569230769231,0.446808510638,0.48275862069,0.475,0.555555555556,0.5,0.379310344828,0.490196078431,0.490566037736,0.473684210526,0.569230769231,0.522727272727,0.52,0.416666666667,0.463414634146,0.571428571429,0.314814814815,0.574468085106,0.5,0.5,0.472222222222,0.466666666667,0.463414634146,0.583333333333,0.424242424242,0.511627906977,0.43137254902,0.424242424242,0.586956521739,0.555555555556,0.62962962963,0.538461538462,0.424242424242,0.489361702128,0.526315789474,0.533333333333,0.440677966102,0.431818181818,0.489795918367,0.5,0.423076923077,0.521739130435,0.342857142857,0.386363636364,0.489361702128,0.534482758621,0.379310344828,0.46875,0.568181818182,0.594594594595,0.416666666667,0.512195121951,0.48,0.674418604651,0.444444444444,0.470588235294,0.352941176471,0.432432432432,0.464285714286,0.529411764706,0.627450980392,0.4,0.529411764706,0.425925925926,0.529411764706,0.425925925926,0.450980392157,0.434782608696,0.4,0.521739130435,0.522727272727,0.529411764706,0.45,0.607843137255,0.473684210526,0.372093023256,0.571428571429,0.558823529412,0.470588235294,0.448979591837,0.535714285714,0.475,0.466666666667,0.586956521739,0.433333333333,0.37037037037,0.5625,0.375,0.65306122449,0.489361702128,0.444444444444,0.55,0.547619047619,0.48,0.342105263158,0.512820512821,0.487804878049,0.526315789474,0.590909090909,0.434782608696,0.676470588235,0.342105263158,0.703703703704,0.59375,0.55737704918,0.42,0.617021276596,0.533333333333,0.575757575758,0.387096774194,0.464285714286,0.710526315789,0.547169811321,0.489795918367,0.622222222222,0.533333333333,0.581395348837,0.58064516129,0.625,0.382978723404,0.48,0.586956521739,0.518518518519,0.444444444444,0.440677966102,0.510638297872,0.405405405405,0.588235294118,0.46511627907,0.415094339623,0.447368421053,0.709677419355,0.463414634146,0.545454545455,0.551020408163,0.6,0.613636363636,0.564516129032,0.378378378378,0.42,0.390243902439,0.7,0.471698113208,0.571428571429,0.487804878049,0.533333333333,0.553191489362,0.466666666667,0.404761904762,0.480769230769,0.519230769231,0.5,0.614035087719,0.41935483871,0.48,0.590163934426,0.543859649123,0.724137931034,0.315789473684,0.4,0.422222222222,0.591836734694,0.561403508772,0.558139534884,0.62962962963,0.5,0.393442622951,0.602941176471,0.479166666667,0.464285714286,0.64,0.514285714286,0.684210526316,0.6,0.708333333333,0.440677966102,0.441860465116,0.510638297872,0.521739130435,0.5,0.511111111111,0.384615384615,0.596153846154,0.468085106383,0.454545454545,0.51724137931,0.440677966102,0.690909090909,0.555555555556,0.488372093023,0.528301886792,0.458333333333,0.5625,0.558139534884,0.58,0.627450980392,0.555555555556,0.375,0.485714285714,0.491525423729,0.448979591837,0.641025641026,0.538461538462,0.441860465116,0.42,0.533333333333,0.5,0.48,0.450980392157,0.465517241379,0.48275862069,0.412698412698,0.513513513514,0.410714285714,0.469387755102,0.425,0.450980392157,0.508474576271,0.571428571429,0.457627118644,0.529411764706,0.487179487179,0.466666666667,0.568181818182,0.703703703704,0.463414634146,0.611111111111,0.489361702128,0.460317460317,0.468085106383,0.526315789474,0.516129032258,0.40625,0.425,0.352941176471,0.442857142857,0.525423728814,0.5,0.568181818182,0.564102564103,0.540540540541,0.490909090909,0.452830188679,0.416666666667,0.450980392157,0.450980392157,0.516129032258,0.477272727273,0.458333333333,0.444444444444,0.578947368421,0.444444444444,0.431818181818,0.436363636364,0.566666666667,0.567567567568,0.392156862745,0.470588235294,0.529411764706,0.396226415094,0.613636363636,0.608695652174,0.530612244898,0.595744680851,0.38,0.483870967742,0.45,0.490909090909,0.433333333333,0.535714285714,0.515151515152,0.6,0.619047619048,0.456140350877,0.4,0.409836065574,0.468085106383,0.510204081633,0.634615384615,0.461538461538,0.53488372093,0.52,0.5,0.538461538462,0.382352941176,0.396226415094,0.542372881356,0.454545454545,0.491525423729,0.450980392157,0.533333333333,0.54,0.5,0.576923076923,0.566037735849,0.558823529412,0.5,0.409090909091,0.48,0.53125,0.530612244898,0.515625,0.428571428571,0.461538461538,0.489361702128,0.488372093023,0.290322580645,0.514285714286,0.642857142857,0.657894736842,0.545454545455,0.559322033898,0.48275862069,0.66,0.56,0.521739130435,0.468085106383,0.4,0.456140350877,0.407407407407,0.470588235294,0.54,0.511111111111,0.52380952381,0.566037735849,0.5,0.472727272727,0.28,0.659090909091,0.4,0.538461538462,0.589743589744,0.509433962264,0.470588235294,0.568965517241,0.407407407407,0.5,0.461538461538,0.490196078431,0.622641509434,0.5,0.46511627907,0.459459459459,0.56862745098,0.591836734694,0.520833333333,0.56862745098,0.555555555556,0.446428571429,0.454545454545,0.5,0.391304347826,0.547619047619,0.5,0.461538461538,0.479166666667,0.525,0.53125,0.558139534884,0.588235294118,0.612903225806,0.567567567568,0.65625,0.576271186441,0.5,0.551724137931,0.34,0.318181818182,0.407407407407,0.576923076923,0.492063492063,0.535714285714,0.545454545455,0.457142857143,0.480519480519,0.655172413793,0.422222222222,0.611111111111,0.526315789474,0.526315789474,0.528301886792,0.521739130435,0.545454545455,0.428571428571,0.452830188679,0.5,0.42,0.387755102041,0.54347826087,0.658536585366,0.448979591837,0.466666666667,0.528301886792,0.44,0.382352941176,0.5625,0.468085106383,0.625,0.339285714286,0.44,0.574074074074,0.434782608696,0.486486486486,0.508196721311,0.48275862069,0.4,0.367346938776,0.404255319149,0.457627118644,0.595238095238,0.549019607843,0.674418604651,0.52380952381,0.590909090909,0.441860465116,0.644444444444,0.605263157895,0.55,0.666666666667,0.516129032258,0.607843137255,0.409090909091,0.404255319149,0.56862745098,0.44,0.458333333333,0.5,0.653846153846,0.511111111111,0.5,0.472222222222,0.377777777778,0.507042253521,0.464285714286,0.489795918367,0.471698113208,0.431818181818,0.566037735849,0.488888888889,0.46511627907,0.395348837209,0.392857142857,0.632653061224,0.5,0.415094339623,0.558823529412,0.441860465116,0.521739130435,0.533333333333,0.459016393443,0.521739130435,0.510638297872,0.423076923077,0.551020408163,0.52380952381,0.442307692308,0.576271186441,0.5,0.536585365854,0.357142857143,0.434782608696,0.325,0.5,0.447368421053,0.513513513514,0.627906976744,0.416666666667,0.615384615385,0.534246575342,0.54,0.548387096774,0.517857142857,0.576923076923,0.563636363636,0.578947368421,0.492307692308,0.439024390244,0.428571428571,0.574468085106,0.543859649123,0.426229508197,0.469387755102,0.448979591837,0.488372093023,0.538461538462,0.466666666667,0.375,0.289473684211,0.487804878049,0.571428571429,0.576923076923,0.568181818182,0.489795918367,0.509803921569,0.527027027027,0.42,0.535714285714,0.52380952381,0.555555555556,0.345454545455,0.490196078431,0.396551724138,0.421052631579,0.584905660377,0.541666666667,0.5,0.4,0.62962962963,0.666666666667,0.540540540541,0.444444444444,0.391304347826,0.649122807018,0.540540540541,0.45,0.657142857143,0.395348837209,0.43137254902,0.414634146341,0.45,0.5,0.458333333333,0.46875,0.5,0.405405405405,0.393939393939,0.531914893617,0.441860465116,0.533333333333,0.555555555556,0.487179487179,0.585365853659,0.391304347826,0.48275862069,0.516129032258,0.536585365854,0.541666666667,0.314285714286,0.5,0.565217391304,0.309523809524,0.489795918367,0.4,0.594594594595,0.540540540541,0.357142857143,0.418604651163,0.375,0.511627906977,0.575,0.545454545455,0.461538461538,0.538461538462,0.509433962264,0.578947368421,0.461538461538,0.837837837838,0.575,0.673913043478,0.35,0.514285714286,0.425531914894,0.533333333333,0.490566037736,0.58064516129,0.538461538462,0.547169811321,0.622222222222,0.555555555556,0.487804878049,0.479166666667,0.66,0.415094339623,0.717948717949,0.411764705882,0.433962264151,0.54347826087,0.466666666667,0.424242424242,0.357142857143,0.533333333333,0.46875,0.480769230769,0.459459459459,0.469387755102,0.423076923077,0.622641509434,0.588235294118,0.510204081633,0.491525423729,0.549019607843,0.490909090909,0.413043478261,0.5,0.527777777778,0.48,0.574468085106,0.659090909091,0.575757575758,0.46511627907,0.521739130435,0.470588235294,0.54,0.5625,0.485714285714,0.411764705882,0.542857142857,0.65,0.490566037736,0.361111111111,0.566037735849,0.531914893617,0.390243902439,0.380952380952,0.441176470588,0.441860465116,0.468085106383,0.458333333333,0.521739130435,0.512195121951,0.564516129032,0.45,0.407407407407,0.363636363636,0.577777777778,0.521739130435,0.471698113208,0.65625,0.526315789474,0.45652173913,0.595238095238,0.477272727273,0.4,0.425531914894,0.533333333333,0.564102564103,0.447368421053,0.509090909091,0.411764705882,0.553191489362,0.48,0.333333333333,0.365853658537,0.591549295775,0.515625,0.5,0.535714285714,0.46,0.575,0.6,0.581818181818,0.63829787234,0.769230769231,0.634146341463,0.652173913043,0.483870967742,0.48,0.527272727273,0.539682539683,0.488888888889,0.528301886792,0.58,0.5625,0.563636363636,0.52,0.433962264151,0.508474576271,0.53488372093,0.533333333333,0.555555555556,0.53125,0.521739130435,0.365853658537,0.475409836066,0.47619047619,0.550724637681,0.461538461538,0.735294117647,0.526315789474,0.450980392157,0.509803921569,0.482142857143,0.510638297872,0.487804878049,0.533333333333,0.507692307692,0.416666666667,0.5,0.75,0.644444444444,0.388888888889,0.58,0.538461538462,0.509090909091,0.487804878049,0.634146341463,0.485714285714,0.414634146341,0.636363636364,0.408163265306,0.627450980392,0.632653061224,0.5625,0.461538461538,0.529411764706,0.5,0.611111111111,0.634615384615,0.38,0.404255319149,0.535714285714,0.709677419355,0.468085106383,0.560975609756,0.54,0.5,0.404761904762,0.625,0.5,0.547169811321,0.3,0.375,0.446808510638,0.558139534884,0.530612244898,0.444444444444,0.5625,0.432432432432,0.434782608696,0.42,0.511111111111,0.424242424242,0.326086956522,0.414634146341,0.333333333333,0.586956521739,0.614035087719,0.508474576271,0.464285714286,0.384615384615,0.636363636364,0.577777777778,0.423076923077,0.608695652174,0.55,0.416666666667,0.367346938776,0.558139534884,0.372093023256,0.636363636364,0.65306122449,0.587301587302,0.489795918367,0.428571428571,0.390243902439,0.391304347826,0.53488372093,0.490196078431,0.595238095238,0.591836734694,0.627450980392,0.428571428571,0.575,0.381818181818,0.509433962264,0.5625,0.43137254902,0.491803278689,0.459459459459,0.567164179104,0.415384615385,0.4,0.469387755102,0.448275862069,0.558139534884,0.431818181818,0.555555555556,0.557692307692,0.403846153846,0.384615384615,0.436363636364,0.639344262295,0.491228070175,0.457142857143,0.478260869565,0.625,0.584905660377,0.439024390244,0.530612244898,0.578947368421,0.5,0.318181818182,0.5,0.428571428571,0.511111111111,0.452830188679,0.5625,0.584615384615,0.535714285714,0.5,0.291666666667,0.5,0.47619047619,0.45652173913,0.454545454545,0.40625,0.447368421053,0.548387096774,0.711111111111,0.545454545455,0.5,0.586206896552,0.435897435897,0.446153846154,0.416666666667,0.536585365854,0.491803278689,0.416666666667,0.4,0.369565217391,0.425,0.444444444444,0.526315789474,0.509433962264,0.441860465116,0.648648648649,0.486486486486,0.520833333333,0.48,0.405405405405,0.388888888889,0.461538461538,0.461538461538,0.475409836066,0.526315789474,0.647058823529,0.520833333333,0.515151515152,0.483333333333,0.454545454545,0.514285714286,0.52380952381,0.388888888889,0.561403508772,0.592592592593,0.458333333333,0.58064516129,0.428571428571,0.5,0.481481481481,0.510204081633,0.625,0.448275862069,0.444444444444,0.511111111111,0.411764705882,0.416666666667,0.488888888889,0.526315789474,0.526315789474,0.566666666667,0.605263157895,0.732142857143,0.428571428571,0.593220338983,0.63829787234,0.425531914894,0.416666666667,0.566037735849,0.545454545455,0.6,0.454545454545,0.4375,0.54,0.530612244898,0.653846153846,0.490566037736,0.431818181818,0.4375,0.470588235294,0.44262295082,0.444444444444,0.571428571429,0.617647058824,0.530612244898,0.530612244898,0.563636363636,0.433962264151,0.608695652174,0.44,0.489795918367,0.581395348837,0.490196078431,0.588235294118,0.520833333333,0.422222222222,0.444444444444,0.59649122807,0.454545454545,0.456140350877,0.53488372093,0.470588235294,0.447368421053,0.428571428571,0.490196078431,0.530612244898,0.482142857143,0.45652173913,0.477272727273,0.53488372093,0.5,0.545454545455,0.487179487179,0.818181818182,0.517857142857,0.471698113208,0.421052631579,0.586666666667,0.490566037736,0.408163265306,0.6,0.466666666667,0.557692307692,0.54,0.541666666667,0.453125,0.568181818182,0.5,0.508196721311,0.516666666667,0.519230769231,0.517857142857,0.534482758621,0.385964912281,0.314814814815,0.5,0.325,0.536585365854,0.5625,0.428571428571,0.433962264151,0.511111111111,0.604166666667,0.648148148148,0.53488372093,0.467741935484,0.480769230769,0.520833333333,0.55,0.589285714286,0.529411764706,0.553571428571,0.54347826087,0.508771929825,0.617021276596,0.453125,0.574074074074,0.438596491228,0.395833333333,0.527272727273,0.648148148148,0.43137254902,0.4375,0.452830188679,0.377358490566,0.510638297872,0.641025641026,0.452830188679,0.457627118644,0.5,0.72,0.489361702128,0.434782608696,0.52380952381,0.422222222222,0.488372093023,0.480769230769,0.489361702128,0.491228070175,0.536585365854,0.482142857143,0.490566037736,0.565217391304,0.581395348837,0.48,0.490566037736,0.555555555556,0.462962962963,0.510204081633,0.566037735849,0.452830188679,0.371428571429,0.596153846154,0.575757575758,0.441176470588,0.547619047619,0.709677419355,0.515151515152,0.418181818182,0.36170212766,0.452830188679,0.509090909091,0.425,0.574468085106,0.423076923077,0.540983606557,0.52380952381,0.396226415094,0.545454545455,0.468085106383,0.452380952381,0.568181818182,0.592592592593,0.441860465116,0.422222222222,0.512820512821,0.55223880597,0.48,0.571428571429,0.553191489362,0.6,0.625,0.627906976744,0.538461538462,0.410256410256,0.510204081633,0.378378378378,0.58,0.491525423729,0.475,0.452380952381,0.394736842105,0.442307692308,0.325581395349,0.448979591837,0.447368421053,0.448275862069,0.605263157895,0.557692307692,0.438596491228,0.627450980392,0.442307692308,0.642857142857,0.525,0.555555555556,0.478260869565,0.526315789474,0.557692307692,0.507462686567,0.433962264151,0.545454545455,0.428571428571,0.354166666667,0.425,0.512195121951,0.53488372093,0.410256410256,0.486486486486,0.490909090909,0.596153846154,0.586206896552,0.46511627907,0.564102564103,0.538461538462,0.519230769231,0.577777777778,0.590909090909,0.571428571429,0.4,0.5,0.413793103448,0.645833333333,0.475409836066,0.464285714286,0.448979591837,0.426229508197,0.509803921569,0.393939393939,0.391304347826,0.488888888889,0.46,0.509803921569,0.339622641509,0.5,0.517857142857,0.676470588235,0.65625,0.5,0.466666666667,0.482142857143,0.666666666667,0.710526315789,0.52380952381,0.438596491228,0.574468085106,0.509090909091,0.513513513514,0.521739130435,0.542857142857,0.392156862745,0.488372093023,0.552631578947,0.464285714286,0.578947368421,0.5,0.473684210526,0.415094339623,0.371428571429,0.65625,0.433962264151,0.5,0.446808510638,0.47619047619,0.475,0.511627906977,0.538461538462,0.5625,0.634615384615,0.457627118644,0.384615384615,0.440677966102,0.5625,0.45,0.433333333333,0.415094339623,0.527272727273,0.474576271186,0.5,0.490909090909,0.446428571429,0.396226415094,0.535714285714,0.55,0.4,0.475,0.531914893617,0.421875,0.625,0.4375,0.510638297872,0.533333333333,0.575757575758,0.490196078431,0.466666666667,0.38,0.473684210526,0.518518518519,0.488888888889,0.441860465116,0.444444444444,0.677419354839,0.454545454545,0.463414634146,0.625,0.408163265306,0.5,0.537037037037,0.276595744681,0.421052631579,0.4,0.52380952381,0.533333333333,0.5,0.5,0.515625,0.392857142857,0.658536585366,0.547619047619,0.535714285714,0.424242424242,0.5,0.380952380952,0.421052631579,0.414634146341,0.604651162791,0.534482758621,0.428571428571,0.452830188679,0.610169491525,0.470588235294,0.48,0.578947368421,0.478260869565,0.55,0.475,0.488888888889,0.27027027027,0.545454545455,0.508771929825,0.477272727273,0.55,0.522727272727,0.6,0.588235294118,0.5625,0.411764705882,0.5,0.545454545455,0.676470588235,0.488888888889,0.46,0.512195121951,0.583333333333,0.416666666667,0.533333333333,0.382352941176,0.533333333333,0.491228070175,0.36170212766,0.5,0.512820512821,0.595744680851,0.612903225806,0.516129032258,0.461538461538,0.547169811321,0.5,0.490196078431,0.521739130435,0.525423728814,0.432432432432,0.458333333333,0.418604651163,0.484848484848,0.5,0.450980392157,0.548387096774,0.44,0.651162790698,0.411764705882,0.513513513514,0.378378378378,0.613636363636,0.413043478261,0.416666666667,0.45652173913,0.392857142857,0.483870967742,0.472222222222,0.540983606557,0.379310344828,0.553191489362,0.5,0.44262295082,0.5,0.553191489362,0.567567567568,0.603773584906,0.559322033898,0.5,0.540540540541,0.515151515152,0.468085106383,0.387755102041,0.514285714286,0.478260869565,0.5,0.456140350877,0.532258064516,0.446808510638,0.482142857143,0.442307692308,0.428571428571,0.527777777778,0.53488372093,0.581395348837,0.378378378378,0.552631578947,0.45652173913,0.54347826087,0.46875,0.657142857143,0.447368421053,0.483870967742,0.418181818182,0.509433962264,0.5,0.428571428571,0.482142857143,0.369565217391,0.604166666667,0.510204081633,0.52,0.541666666667,0.5,0.377777777778,0.441176470588,0.435897435897,0.516129032258,0.558139534884,0.48,0.509803921569,0.457142857143,0.571428571429,0.487804878049,0.380952380952,0.551020408163,0.446808510638,0.423076923077,0.551724137931,0.418604651163,0.477272727273,0.392156862745,0.476923076923,0.543859649123,0.523076923077,0.476923076923,0.468085106383,0.522727272727,0.638888888889,0.418181818182,0.651162790698,0.508474576271,0.566037735849,0.28125,0.479166666667,0.392857142857,0.446808510638,0.578947368421,0.613636363636,0.404255319149,0.388888888889,0.333333333333,0.5,0.533333333333,0.388888888889,0.444444444444,0.558139534884,0.625,0.375,0.5,0.5,0.605263157895,0.5,0.5,0.47619047619,0.5,0.421052631579,0.545454545455,0.528301886792,0.551724137931,0.525423728814,0.551020408163,0.548387096774,0.53125,0.4,0.5,0.548387096774,0.5,0.471698113208,0.56,0.52,0.795454545455,0.5,0.54347826087,0.435897435897,0.593220338983,0.525,0.689655172414,0.433962264151,0.296296296296,0.536585365854,0.46875,0.463414634146,0.58064516129,0.586206896552,0.54347826087,0.421052631579,0.4,0.489361702128,0.44262295082,0.409836065574,0.371428571429,0.463414634146,0.425531914894,0.647058823529,0.583333333333,0.487179487179,0.394736842105,0.533333333333,0.5,0.406779661017,0.333333333333,0.541666666667,0.478260869565,0.418181818182,0.393939393939,0.612244897959,0.560975609756,0.491525423729,0.608695652174,0.6,0.469387755102,0.377777777778,0.519230769231,0.326086956522,0.538461538462,0.5,0.439024390244,0.471698113208,0.38,0.432432432432,0.404761904762,0.424242424242,0.46875,0.485714285714,0.433333333333,0.455882352941,0.590909090909,0.484375,0.537313432836,0.466666666667,0.5,0.612244897959,0.5,0.433333333333,0.5,0.513513513514,0.543859649123,0.48,0.448275862069,0.484848484848,0.555555555556,0.666666666667,0.731707317073,0.7,0.509803921569,0.575,0.487804878049,0.513513513514,0.510638297872,0.56,0.538461538462,0.56,0.425531914894,0.392156862745,0.5,0.452380952381,0.527777777778,0.571428571429,0.342857142857,0.448979591837,0.446153846154,0.583333333333,0.526315789474,0.509433962264,0.565217391304,0.577777777778,0.525,0.434782608696,0.4,0.636363636364,0.446808510638,0.6,0.549019607843,0.5,0.5,0.461538461538,0.521739130435,0.511111111111,0.571428571429,0.32,0.575,0.406779661017,0.634615384615,0.512820512821,0.538461538462,0.545454545455,0.311111111111,0.47619047619,0.625,0.548387096774,0.436363636364,0.541666666667,0.615384615385,0.558139534884,0.638888888889,0.422222222222,0.451612903226,0.6,0.555555555556,0.418181818182,0.465517241379,0.482142857143,0.46511627907,0.549019607843,0.530612244898,0.411764705882,0.410256410256,0.441860465116,0.477272727273,0.479166666667,0.5,0.488372093023,0.479166666667,0.5,0.4,0.536585365854,0.563636363636,0.481481481481,0.528301886792,0.44262295082,0.5,0.586206896552,0.636363636364,0.6,0.489361702128,0.461538461538,0.42,0.45,0.533333333333,0.543859649123,0.5625,0.471698113208,0.526315789474,0.42,0.386363636364,0.666666666667,0.564516129032,0.433962264151,0.533333333333,0.479166666667,0.435897435897,0.52380952381,0.652173913043,0.468085106383,0.631578947368,0.612244897959,0.463414634146,0.725,0.56,0.473684210526,0.616666666667,0.463414634146,0.625,0.568181818182,0.602941176471,0.542857142857,0.391304347826,0.486486486486,0.508474576271,0.518518518519,0.5,0.457142857143,0.483333333333,0.468085106383,0.630434782609,0.444444444444,0.510204081633,0.589743589744,0.464285714286,0.492063492063,0.461538461538,0.369565217391,0.392156862745,0.458333333333,0.528301886792,0.5,0.466666666667,0.52,0.512195121951,0.392857142857,0.352941176471,0.4,0.714285714286,0.5,0.369565217391,0.650793650794,0.5,0.563636363636,0.414634146341,0.425,0.444444444444,0.533333333333,0.462686567164,0.576271186441,0.540540540541,0.421052631579,0.564102564103,0.4375,0.446808510638,0.522727272727,0.5625,0.514285714286,0.526315789474,0.436363636364,0.430769230769,0.471698113208,0.428571428571,0.424242424242,0.42,0.488372093023,0.466666666667,0.644444444444,0.576923076923,0.616666666667,0.466666666667,0.521739130435,0.41935483871,0.541666666667,0.54,0.45652173913,0.529411764706,0.551020408163,0.5,0.46,0.551020408163,0.491803278689,0.529411764706,0.438596491228,0.6,0.381818181818,0.428571428571,0.884615384615,0.727272727273,0.536585365854,0.561403508772,0.511111111111,0.48,0.309523809524,0.571428571429,0.54347826087,0.440677966102,0.491228070175,0.5,0.555555555556,0.563636363636,0.4,0.628571428571,0.40625,0.406779661017,0.442857142857,0.607142857143,0.51724137931,0.55737704918,0.406779661017,0.584615384615,0.65306122449,0.561403508772,0.48,0.444444444444,0.593220338983,0.4,0.544117647059,0.581818181818,0.483333333333,0.564516129032,0.547619047619,0.553191489362,0.522727272727,0.487804878049,0.542372881356,0.5,0.532258064516,0.478260869565,0.45652173913,0.521739130435,0.457142857143,0.568181818182,0.551724137931,0.392857142857,0.509433962264,0.566037735849,0.463414634146,0.54347826087,0.513157894737,0.525423728814,0.480769230769,0.4375,0.552631578947,0.5,0.5,0.456140350877,0.533333333333,0.482142857143,0.414634146341,0.510638297872,0.480769230769,0.5,0.454545454545,0.458333333333,0.488888888889,0.511627906977,0.485714285714,0.444444444444,0.491803278689,0.615384615385,0.372881355932,0.566666666667,0.358490566038,0.5,0.568181818182,0.6,0.512195121951,0.555555555556,0.560975609756,0.428571428571,0.487179487179,0.54,0.55737704918,0.592592592593,0.5625,0.479166666667,0.536585365854,0.53488372093,0.518518518519,0.4375,0.463414634146,0.510204081633,0.558823529412,0.422222222222,0.463414634146,0.480769230769,0.396825396825,0.481481481481,0.535714285714,0.59649122807,0.416666666667,0.609375,0.5,0.576923076923,0.4,0.467741935484,0.463414634146,0.617021276596,0.46875,0.591836734694,0.418181818182,0.530612244898,0.481481481481,0.459459459459,0.487179487179,0.47619047619,0.46511627907,0.611111111111,0.538461538462,0.477272727273,0.577777777778,0.549019607843,0.5,0.611111111111,0.444444444444,0.479166666667,0.431034482759,0.552631578947,0.611111111111,0.347826086957,0.727272727273,0.423076923077,0.478260869565,0.339622641509,0.563636363636,0.348837209302,0.45,0.540983606557,0.525,0.446808510638,0.416666666667,0.630434782609,0.420289855072,0.547169811321,0.533333333333,0.542372881356,0.528301886792,0.541666666667,0.575757575758,0.6,0.555555555556,0.469387755102,0.430769230769,0.358974358974,0.541666666667,0.509803921569,0.444444444444,0.571428571429,0.5,0.469387755102,0.466666666667,0.5,0.480769230769,0.372549019608,0.450980392157,0.372549019608,0.5625,0.571428571429,0.467741935484,0.418604651163,0.48,0.611111111111,0.574074074074,0.473684210526,0.478260869565,0.450980392157,0.461538461538,0.510204081633,0.581395348837,0.512820512821,0.478260869565,0.46,0.689655172414,0.4,0.403846153846,0.46875,0.450980392157,0.433962264151,0.475,0.5,0.625,0.509090909091,0.433333333333,0.464285714286,0.371428571429,0.530612244898,0.543859649123,0.59649122807,0.5,0.452830188679,0.490566037736,0.541666666667,0.462962962963,0.46,0.434782608696,0.41935483871,0.44776119403,0.508196721311,0.442307692308,0.454545454545,0.48,0.371428571429,0.458333333333,0.480769230769,0.508771929825,0.444444444444,0.508771929825,0.5,0.421875,0.475,0.508196721311,0.454545454545,0.461538461538,0.4,0.555555555556,0.479166666667,0.470588235294,0.590909090909,0.519230769231,0.565217391304,0.592592592593,0.465517241379,0.534482758621,0.5,0.466666666667,0.552631578947,0.590909090909,0.40625,0.517857142857,0.47619047619,0.559322033898,0.416666666667,0.385714285714,0.439393939394,0.54347826087,0.592592592593,0.457627118644,0.384615384615,0.585365853659,0.4,0.425925925926,0.584905660377,0.48275862069,0.545454545455,0.647058823529,0.5,0.537037037037,0.435897435897,0.5,0.457142857143,0.462962962963,0.469387755102,0.538461538462,0.584905660377,0.652173913043,0.466666666667,0.536231884058,0.4,0.528301886792,0.444444444444,0.6,0.4,0.6,0.585365853659,0.545454545455,0.488372093023,0.411764705882,0.421052631579,0.512195121951,0.5,0.492307692308,0.413793103448,0.611940298507,0.5,0.511111111111,0.481481481481,0.472222222222,0.46,0.46511627907,0.659090909091,0.55,0.477272727273,0.575,0.428571428571,0.489795918367,0.488372093023,0.607142857143,0.457627118644,0.545454545455,0.490909090909,0.489795918367,0.395348837209,0.458333333333,0.512820512821,0.548387096774,0.512195121951,0.588235294118,0.512195121951,0.52380952381,0.673076923077,0.486486486486,0.55,0.413043478261,0.568181818182,0.617647058824,0.55,0.455696202532,0.486486486486,0.465517241379,0.440677966102,0.6,0.466666666667,0.46,0.511627906977,0.478260869565,0.518518518519,0.587301587302,0.595744680851,0.432835820896,0.583333333333,0.46511627907,0.571428571429,0.53488372093,0.540540540541,0.558139534884,0.758620689655,0.481481481481,0.489795918367,0.42,0.441860465116,0.634146341463,0.47619047619,0.513513513514,0.565217391304,0.387755102041,0.519230769231,0.540540540541,0.410256410256,0.464285714286,0.5,0.571428571429,0.3125,0.625,0.555555555556,0.615384615385,0.62962962963,0.489795918367,0.526315789474,0.590909090909,0.5,0.529411764706,0.607843137255,0.396551724138,0.636363636364,0.526315789474,0.451612903226,0.43137254902,0.428571428571,0.478260869565,0.5,0.393939393939,0.553191489362,0.540540540541,0.515151515152,0.604166666667,0.489361702128,0.509433962264,0.489361702128,0.444444444444,0.512195121951,0.531914893617,0.411764705882,0.491803278689,0.446808510638,0.466666666667,0.463414634146,0.5,0.5,0.512195121951,0.490909090909,0.470588235294,0.657894736842,0.469387755102,0.5,0.462962962963,0.568181818182,0.478260869565,0.557692307692,0.862068965517,0.547619047619,0.428571428571,0.418181818182,0.454545454545,0.351851851852,0.542857142857,0.52380952381,0.491525423729,0.522727272727,0.4,0.444444444444,0.666666666667,0.555555555556,0.555555555556,0.452380952381,0.529411764706,0.6,0.47619047619,0.567567567568,0.466666666667,0.5,0.468085106383,0.510204081633,0.58064516129,0.575,0.461538461538,0.469387755102,0.5,0.466666666667,0.468085106383,0.488888888889,0.606060606061,0.44,0.414634146341,0.470588235294,0.407407407407,0.452380952381,0.468085106383,0.468085106383,0.375,0.441860465116,0.517857142857,0.469387755102,0.545454545455,0.585365853659,0.568181818182,0.411764705882,0.537037037037,0.368421052632,0.413793103448,0.344262295082,0.521739130435,0.547169811321,0.583333333333,0.394736842105,0.589285714286,0.581395348837,0.589743589744,0.480769230769,0.5,0.553191489362,0.431818181818,0.576923076923,0.625,0.510204081633,0.357142857143,0.361111111111,0.507936507937,0.56862745098,0.5,0.367346938776,0.536585365854,0.566666666667,0.325,0.555555555556,0.410256410256,0.535714285714,0.47619047619,0.388888888889,0.490566037736,0.365384615385,0.372549019608,0.5,0.520833333333,0.65,0.434782608696,0.519230769231,0.418181818182,0.577777777778,0.326086956522,0.459459459459,0.472222222222,0.452380952381,0.512195121951,0.578947368421,0.581395348837,0.38,0.466666666667,0.44,0.488372093023,0.596153846154,0.362068965517,0.48275862069,0.54,0.47619047619,0.659090909091,0.636363636364,0.566037735849,0.512820512821,0.5,0.529411764706,0.583333333333,0.560975609756,0.45,0.566666666667,0.473684210526,0.432432432432,0.454545454545,0.480769230769,0.5,0.433962264151,0.473684210526,0.581395348837,0.487804878049,0.532258064516,0.542857142857,0.641025641026,0.475409836066,0.5,0.636363636364,0.558139534884,0.564102564103,0.5,0.348837209302,0.418604651163,0.527777777778,0.553571428571,0.514285714286,0.387096774194,0.458333333333,0.528301886792,0.527777777778,0.54,0.5,0.538461538462,0.509090909091,0.444444444444,0.514285714286,0.5,0.446808510638,0.612244897959,0.439024390244,0.405405405405,0.452380952381,0.489361702128,0.611111111111,0.540540540541,0.541666666667,0.555555555556,0.466666666667,0.454545454545,0.45,0.48,0.466666666667,0.457142857143,0.414634146341,0.446808510638,0.55,0.454545454545,0.461538461538,0.407407407407,0.564102564103,0.43137254902,0.621621621622,0.678571428571,0.577777777778,0.391304347826,0.642857142857,0.45652173913,0.470588235294,0.507936507937,0.48,0.540540540541,0.512820512821,0.6,0.545454545455,0.5,0.581395348837,0.511111111111,0.511111111111,0.552631578947,0.515625,0.446808510638,0.394736842105,0.468085106383,0.448979591837,0.489795918367,0.615384615385,0.471698113208,0.352941176471,0.488888888889,0.45652173913,0.42,0.423076923077,0.627906976744,0.487804878049,0.564102564103,0.483870967742,0.425925925926,0.491228070175,0.5,0.435897435897,0.418604651163,0.442307692308,0.446153846154,0.490196078431,0.604651162791,0.53488372093,0.488888888889,0.405405405405,0.545454545455,0.617647058824,0.529411764706,0.509090909091,0.392156862745,0.53125,0.526315789474,1.0,0.441176470588,0.448979591837,0.488888888889,0.604166666667,0.393442622951,0.5,0.488372093023,0.454545454545,0.604166666667,0.5,0.444444444444,0.5,0.55,0.484375,0.512195121951,0.372093023256,0.514705882353,0.603773584906,0.40625,0.458333333333,0.46511627907,0.5,0.446808510638,0.5,0.43137254902,0.590909090909,0.512195121951,0.469387755102,0.452380952381,0.597014925373,0.472222222222,0.52,0.439024390244,0.396825396825,0.5,0.545454545455,0.44262295082,0.540540540541,0.518518518519,0.529411764706,0.558823529412,0.558823529412,0.314285714286,0.479166666667,0.5,0.553846153846,0.441176470588,0.518518518519,0.510638297872,0.464285714286,0.479166666667,0.551724137931,0.421052631579,0.5,0.512820512821,0.558139534884,0.585365853659,0.489361702128,0.509803921569,0.392857142857,0.454545454545,0.492063492063,0.441860465116,0.490909090909,0.618181818182,0.558139534884,0.508771929825,0.577777777778,0.52,0.410714285714,0.509433962264,0.458333333333,0.486486486486,0.432432432432,0.463414634146,0.525,0.645833333333,0.5,0.387096774194,0.361111111111,0.527777777778,0.604166666667,0.48,0.5,0.522727272727,0.425,0.428571428571,0.5,0.440677966102,0.524590163934,0.620689655172,0.566037735849,0.469387755102,0.515151515152,0.923076923077,0.423076923077,0.30303030303,0.547619047619,0.866666666667,0.489361702128,0.571428571429,0.475,0.545454545455,0.537037037037,0.666666666667,0.531914893617,0.511111111111,0.421052631579,0.576923076923,0.558139534884,0.365853658537,0.451612903226,0.475,0.347826086957,0.388888888889,0.424242424242,0.45652173913,0.428571428571,0.634146341463,0.489361702128,0.592592592593,0.604651162791,0.6,0.568181818182,0.660377358491,0.42,0.438596491228,0.603773584906,0.65625,0.589285714286,0.590909090909,0.489361702128,0.568181818182,0.422222222222,0.574468085106,0.510638297872,0.510638297872,0.55,0.426229508197,0.387096774194,0.5,0.6,0.586956521739,0.466666666667,0.489795918367,0.538461538462,0.473684210526,0.575,0.448275862069,0.590909090909,0.571428571429,0.606557377049,0.568181818182,0.444444444444,0.460317460317,0.547169811321,0.547619047619,0.651162790698,0.645833333333,0.675675675676,0.545454545455,0.555555555556,0.446808510638,0.454545454545,0.507936507937,0.583333333333,0.560606060606,0.5,0.568181818182,0.511627906977,0.578947368421,0.55,0.564102564103,0.446428571429,0.5625,0.551724137931,0.4375,0.533333333333,0.571428571429,0.52380952381,0.611111111111,0.551020408163,0.490196078431,0.439024390244,0.463414634146,0.489795918367,0.466666666667,0.333333333333,0.555555555556,0.510638297872,0.488888888889,0.571428571429,0.594594594595,0.648648648649,0.520833333333,0.529411764706,0.617647058824,0.608695652174,0.472727272727,0.517857142857,0.458333333333,0.509803921569,0.489795918367,0.444444444444,0.489795918367,0.441860465116,0.56862745098,0.583333333333,0.357142857143,0.5,0.473684210526,0.358974358974,0.595744680851,0.5,0.464285714286,0.384615384615,0.380952380952,0.514285714286,0.5,0.512820512821,0.512820512821,0.405405405405,0.469387755102,0.52,0.529411764706,0.511627906977,0.377358490566,0.5,0.741935483871,0.558139534884,0.435897435897,0.542857142857,0.566666666667,0.551020408163,0.414634146341,0.529411764706,0.567567567568,0.531914893617,0.5,0.362068965517,0.563636363636,0.382978723404,0.627906976744,0.54347826087,0.54347826087,0.64,0.65625,0.56,0.34693877551,0.575,0.513513513514,0.645833333333,0.509433962264,0.444444444444,0.45652173913,0.519230769231,0.418604651163,0.586956521739,0.473684210526,0.414634146341,0.638888888889,0.431818181818,0.613636363636,0.636363636364,0.552631578947,0.555555555556,0.485714285714,0.488372093023,0.595238095238,0.48275862069,0.7,0.450980392157,0.4,0.5,0.518518518519,0.418604651163,0.428571428571,0.472222222222,0.576923076923,0.56,0.628571428571,0.428571428571,0.710526315789,0.583333333333,0.641025641026,0.682926829268,0.607142857143,0.571428571429,0.62,0.566037735849,0.575,0.458333333333,0.543859649123,0.487179487179,0.46875,0.425,0.342105263158,0.365384615385,0.434782608696,0.418181818182,0.452380952381,0.58064516129,0.526315789474,0.425925925926,0.434782608696,0.571428571429,0.5,0.457142857143,0.5,0.584905660377,0.5,0.5,0.461538461538,0.470588235294,0.530303030303,0.4,0.631578947368,0.407407407407,0.585365853659,0.408163265306,0.34375,0.612244897959,0.459459459459,0.490909090909,0.561403508772,0.536585365854,0.5,0.48,0.439024390244,0.394736842105,0.51724137931,0.526315789474,0.441860465116,0.5,0.574468085106,0.396226415094,0.454545454545,0.538461538462,0.615384615385,0.454545454545,0.551020408163,0.454545454545,0.551020408163,0.521739130435,0.366666666667,0.588235294118,0.448979591837,0.484848484848,0.480769230769,0.4375,0.491525423729,0.491228070175,0.377358490566,0.465517241379,0.446428571429,0.586206896552,0.425,0.527272727273,0.555555555556,0.491525423729,0.391304347826,0.34693877551,0.510638297872,0.461538461538,0.533333333333,0.444444444444,0.382352941176,0.41935483871,0.618181818182,0.534482758621,0.531914893617,0.421052631579,0.444444444444,0.560606060606,0.571428571429,0.56862745098,0.553191489362,0.454545454545,0.526315789474,0.509090909091,0.45,0.454545454545,0.491525423729,0.591836734694,0.396551724138,0.53488372093,0.518518518519,0.566666666667,0.447368421053,0.488372093023,0.45652173913,0.525,0.526315789474,0.378378378378,0.510204081633,0.490196078431,0.530612244898,0.348837209302,0.555555555556,0.469387755102,0.45652173913,0.553571428571,0.571428571429,0.490566037736,0.555555555556,0.707317073171,0.622950819672,0.538461538462,0.553191489362,0.461538461538,0.53125,0.54,0.508196721311,0.475409836066,0.405405405405,0.621621621622,0.54347826087,0.578947368421,0.590909090909,0.492307692308,0.458333333333,0.410714285714,0.527777777778,0.525,0.64,0.581395348837,0.475,0.5,0.575,0.690476190476,0.459016393443,0.483870967742,0.425,0.55737704918,0.512195121951,0.369565217391,0.558139534884,0.520833333333,0.513513513514,0.404761904762,0.545454545455,0.466666666667,0.552631578947,0.568181818182,0.777777777778,0.5,0.423076923077,0.510204081633,0.369565217391,0.466666666667,0.425,0.563636363636,0.41935483871,0.509433962264,0.555555555556,0.59375,0.462962962963,0.442307692308,0.472222222222,0.511627906977,0.414634146341,0.594594594595,0.568181818182,0.547169811321,0.527272727273,0.533333333333,0.393442622951,0.406779661017,0.46511627907,0.666666666667,0.535714285714,0.450980392157,0.509433962264,0.489361702128,0.446808510638,0.451612903226,0.5,0.482142857143,0.468085106383,0.549019607843,0.510204081633,0.448275862069,0.508771929825,0.407407407407,0.441176470588,0.37037037037,0.469387755102,0.53488372093,0.30612244898,0.510204081633,0.510204081633,0.48,0.366666666667,0.480769230769,0.5,0.452380952381,0.636363636364,0.541666666667,0.553191489362,0.661290322581,0.413793103448,0.348837209302,0.408163265306,0.55,0.525,0.592592592593,0.540983606557,0.55,0.48,0.59649122807,0.526315789474,0.541666666667,0.511111111111,0.434782608696,0.490196078431,0.604651162791,0.5,0.518518518519,0.549019607843,0.387755102041,0.58,0.530303030303,0.439024390244,0.526315789474,0.333333333333,0.468085106383,0.633802816901,0.382352941176,0.622950819672,0.632653061224,0.531914893617,0.625,0.481481481481,0.65625,0.456140350877,0.436363636364,0.586206896552,0.529411764706,0.396226415094,0.543859649123,0.431818181818,0.676470588235,0.555555555556,0.40625,0.340909090909,0.566037735849,0.360655737705,0.466666666667,0.689655172414,0.410256410256,0.660714285714,0.607843137255,0.585365853659,0.611111111111,0.567567567568,0.533333333333,0.530612244898,0.567567567568,0.450980392157,0.583333333333,0.480769230769,0.55,0.545454545455,0.4,0.446808510638,0.547169811321,0.42,0.48,0.575757575758,0.446428571429,0.34,0.369565217391,0.511627906977,0.451612903226,0.314285714286,0.538461538462,0.563636363636,0.489795918367,0.47619047619,0.54347826087,0.538461538462,0.625,0.535714285714,0.925925925926,0.574468085106,0.452830188679,0.581818181818,0.325,0.5,0.5,0.576923076923,0.535714285714,0.53488372093,0.558139534884,0.571428571429,0.5,0.5,0.408163265306,0.549019607843,0.592592592593,0.6,0.75,0.51724137931,0.418604651163,0.411764705882,0.510638297872,0.436363636364,0.538461538462,0.409090909091,0.511111111111,0.531914893617,0.589285714286,0.535714285714,0.511627906977,0.583333333333,0.5,0.409090909091,0.415094339623,0.487804878049,0.483333333333,0.543859649123,0.513513513514,0.833333333333,0.558823529412,0.477272727273,0.609375,0.463414634146,0.55,0.386363636364,0.609756097561,0.54347826087,0.482142857143,0.615384615385,0.567567567568,0.5625,0.42,0.45,0.54,0.473684210526,0.530612244898,0.545454545455,0.47619047619,0.688888888889,0.586666666667,0.521739130435,0.536585365854,0.463414634146,0.428571428571,0.467741935484,0.541666666667,0.458333333333,0.595744680851,0.52380952381,0.43137254902,0.5,0.55,0.472222222222,0.46,0.45,0.571428571429,0.545454545455,0.35,0.634146341463,0.622641509434,0.425925925926,0.555555555556,0.557692307692,0.361111111111,0.512195121951,0.425925925926,0.394736842105,0.490909090909,0.5,0.514285714286,0.413043478261,0.346153846154,0.477272727273,0.509433962264,0.651162790698,0.433962264151,0.392156862745,0.642857142857,0.466666666667,0.490196078431,0.409090909091,0.461538461538,0.5,0.5625,0.464285714286,0.446808510638,0.434782608696,0.5,0.701754385965,0.414634146341,0.42,0.489361702128,0.5,0.509090909091,0.368421052632,0.446808510638,0.466666666667,0.51724137931,0.471698113208,0.411764705882,0.51724137931,0.535714285714,0.454545454545,0.45,0.666666666667,0.466666666667,0.6,0.558139534884,0.565217391304,0.54,0.536585365854,0.547619047619,0.607843137255,0.5,0.537037037037,0.457627118644,0.454545454545,0.545454545455,0.520833333333,0.4375,0.369565217391,0.526315789474,0.5625,0.557692307692,0.807692307692,0.644444444444,0.588235294118,0.5,0.440677966102,0.58064516129,0.468085106383,0.537313432836,0.576271186441,0.549019607843,0.54347826087,0.5,0.478260869565,0.5,0.652173913043,0.53125,0.552631578947,0.384615384615,0.339285714286,0.605263157895,0.490566037736,0.428571428571,0.52380952381,0.527777777778,0.52,0.625,0.4,0.531914893617,0.53488372093,0.411764705882,0.567567567568,0.541666666667,0.536231884058,0.568965517241,0.519230769231,0.615384615385,0.441860465116,0.408163265306,0.5625,0.487179487179,0.428571428571,0.535714285714,0.6,0.54347826087,0.612244897959,0.484375,0.586206896552,0.571428571429,0.363636363636,0.577777777778,0.540540540541,0.586206896552,0.565217391304,0.703703703704,0.5,0.418181818182,0.387755102041,0.548387096774,0.510638297872,0.588235294118,0.566037735849,0.5,0.537037037037,0.6,0.541666666667,0.510204081633,0.46,0.375,0.425925925926,0.545454545455,0.479166666667,0.794117647059,0.529411764706,0.551020408163,0.375,0.54347826087,0.432432432432,0.5,0.512820512821,0.444444444444,0.578947368421,0.595238095238,0.390243902439,0.553571428571,0.707317073171,0.470588235294,0.408163265306,0.425,0.5,0.5,0.472727272727,0.424242424242,0.461538461538,0.469387755102,0.555555555556,0.486486486486,0.673469387755,0.54,0.744680851064,0.483870967742,0.404761904762,0.515151515152,0.4375,0.333333333333,0.54,0.516129032258,0.404761904762,0.342105263158,0.5,0.533333333333,0.408163265306,0.641025641026,0.547619047619,0.448979591837,0.524590163934,0.641509433962,0.529411764706,0.515151515152,0.525423728814,0.454545454545,0.591836734694,0.413043478261,0.626865671642,0.446808510638,0.490196078431,0.567567567568,0.545454545455,0.470588235294,0.657142857143,0.609756097561,0.513513513514,0.6,0.617647058824,0.472727272727,0.5625,0.614035087719,0.577777777778,0.516129032258,0.538461538462,0.547619047619,0.553191489362,0.575,0.551724137931,0.551020408163,0.484848484848,0.428571428571,0.53488372093,0.533333333333,0.475,0.432432432432,0.479166666667,0.575757575758,0.674418604651,0.6,0.647058823529,0.62,0.415094339623,0.590163934426,0.578947368421,0.341463414634,0.537037037037,0.488888888889,0.571428571429,0.711111111111,0.690476190476,0.5,0.511627906977,0.6,0.45652173913,0.6,0.470588235294,0.540540540541,0.518518518519,0.568181818182,0.534482758621,0.46511627907,0.5,0.563636363636,0.473684210526,0.514285714286,0.521739130435,0.471698113208,0.533333333333,0.487179487179,0.645833333333,0.450980392157,0.447368421053,0.452830188679,0.487179487179,0.5,0.475409836066,0.591836734694,0.433333333333,0.425,0.676470588235,0.454545454545,0.468085106383,0.470588235294,0.441176470588,0.5625,0.594594594595,0.441860465116,0.5,0.525,0.555555555556,0.475,0.403846153846,0.456140350877,0.490196078431,0.441176470588,0.5,0.534482758621,0.461538461538,0.675675675676,0.507042253521,0.62,0.522727272727,0.512195121951,0.491228070175,0.434782608696,0.634615384615,0.571428571429,0.585365853659,0.5625,0.433333333333,0.418604651163,0.342105263158,0.451612903226,0.655172413793,0.519230769231,0.510638297872,0.642857142857,0.612244897959,0.591836734694,0.5625,0.694444444444,0.568181818182,0.454545454545,0.513513513514,0.375,0.551020408163,0.5625,0.510638297872,0.7,0.512195121951,0.525423728814,0.480769230769,0.634146341463,0.507936507937,0.5,0.4375,0.558823529412,0.5,0.566666666667,0.571428571429,0.421052631579,0.591549295775,0.563636363636,0.509090909091,0.555555555556,0.583333333333,0.382352941176,0.421052631579,0.47619047619,0.489361702128,0.517857142857,0.46511627907,0.447368421053,0.434782608696,0.634146341463,0.486486486486,0.655172413793,0.574074074074,0.470588235294,0.414634146341,0.595744680851,0.509803921569,0.5,0.5,0.391304347826,0.608695652174,0.489361702128,0.583333333333,0.5,0.45,0.492307692308,0.372881355932,0.527272727273,0.450980392157,0.352941176471,0.490566037736,0.346153846154,0.470588235294,0.36170212766,0.51724137931,0.584905660377,0.444444444444,0.446808510638,0.36170212766,0.423076923077,0.52,0.527272727273,0.559322033898,0.589285714286,0.523076923077,0.527272727273,0.547619047619,0.428571428571,0.5,0.481481481481,0.44,0.526315789474,0.490566037736,0.441176470588,0.489361702128,0.488888888889,0.416666666667,0.5,0.28813559322,0.365384615385,0.545454545455,0.551724137931,0.577777777778,0.428571428571,0.488888888889,0.553191489362,0.388888888889,0.481481481481,0.477272727273,0.545454545455,0.448275862069,0.435897435897,0.547169811321,0.425925925926,0.525423728814,0.525423728814,0.553191489362,0.457142857143,0.470588235294,0.522727272727,0.566666666667,0.5,0.6,0.377777777778,0.333333333333,0.568181818182,0.485714285714,0.54347826087,0.5,0.551020408163,0.542372881356,0.512195121951,0.555555555556,0.526315789474,0.634146341463,0.535714285714,0.51724137931,0.488372093023,0.473684210526,0.538461538462,0.454545454545,0.5,0.428571428571,0.423076923077,0.552631578947,0.468085106383,0.564516129032,0.392156862745,0.325581395349,0.415384615385,0.488372093023,0.466666666667,0.483333333333,0.375,0.438596491228,0.528301886792,0.4375,0.529411764706,0.464285714286,0.48275862069,0.47619047619,0.422222222222,0.435897435897,0.542857142857,0.432432432432,0.4,0.509090909091,0.509803921569,0.571428571429,0.637931034483,0.454545454545,0.545454545455,0.5,0.382352941176,0.529411764706,0.521739130435,0.518518518519,0.479166666667,0.436363636364,0.6,0.596153846154,0.490566037736,0.481481481481,0.425,0.541666666667,0.456140350877,0.561403508772,0.551020408163,0.441860465116,0.5,0.470588235294,0.414285714286,0.454545454545,0.470588235294,0.395348837209,0.487804878049,0.462962962963,0.545454545455,0.472222222222,0.5,0.444444444444,0.533333333333,0.488372093023,0.516129032258,0.44,0.542857142857,0.511111111111,0.363636363636,0.470588235294,0.52380952381,0.5,0.553191489362,0.512195121951,0.586956521739,0.295081967213,0.378378378378,0.375,0.652173913043,0.535714285714,0.583333333333,0.413043478261,0.491228070175,0.5,0.385964912281,0.526315789474,0.515625,0.508474576271,0.441176470588,0.625,0.547169811321,0.58064516129,0.675675675676,0.404255319149,0.553191489362,0.592592592593,0.6,0.526315789474,0.450980392157,0.477272727273,0.509803921569,0.529411764706,0.666666666667,0.575,0.454545454545,0.527272727273,0.492537313433,0.446428571429,0.531914893617,0.520833333333,0.479166666667,0.5,0.595238095238,0.622222222222,0.64,0.490566037736,0.555555555556,0.583333333333,0.529411764706,0.5,0.54347826087,0.5,0.358490566038,0.528301886792,0.5,0.526315789474,0.423076923077,0.448275862069,0.529411764706,0.469387755102,0.466666666667,0.442307692308,0.583333333333,0.488372093023,0.54347826087,0.594594594595,0.574468085106,0.608695652174,0.468085106383,0.48,0.491228070175,0.5,0.56862745098,0.607843137255,0.604651162791,0.565217391304,0.52380952381,0.577777777778,0.488888888889,0.469387755102,0.539682539683,0.469387755102,0.513513513514,0.5,0.474576271186,0.586956521739,0.459459459459,0.448979591837,0.5,0.5,0.51724137931,0.588235294118,0.472727272727,0.48275862069,0.519230769231,0.465517241379,0.388888888889,0.414634146341,0.458333333333,0.481481481481,0.546875,0.553571428571,0.632653061224,0.408163265306,0.395833333333,0.395833333333,0.423076923077,0.527777777778,0.604166666667,0.543859649123,0.536585365854,0.52,0.357142857143,0.404255319149,0.529411764706,0.466666666667,0.541666666667,0.62,0.512820512821,0.478260869565,0.566037735849,0.615384615385,0.462962962963,0.59649122807,0.459459459459,0.5,0.489361702128,0.395833333333,0.4375,0.276595744681,0.434782608696,0.448979591837,0.536585365854,0.5,0.395348837209,0.527777777778,0.53488372093,0.5,0.631578947368,0.446808510638,0.487179487179,0.555555555556,0.510638297872,0.511111111111,0.6,0.674418604651,0.666666666667,0.555555555556,0.51724137931,0.509803921569,0.606557377049,0.594202898551,0.571428571429,0.540540540541,0.370967741935,0.536231884058,0.481481481481,0.508474576271,0.5,0.538461538462,0.478260869565,0.542372881356,0.450980392157,0.413043478261,0.462962962963,0.475,0.442307692308,0.519230769231,0.571428571429,0.391304347826,0.488888888889,0.673469387755,0.529411764706,0.483870967742,0.485714285714,0.477272727273,0.534482758621,0.540983606557,0.5,0.631578947368,0.65,0.563636363636,0.288461538462,0.603448275862,0.52,0.589285714286,0.511111111111,0.386363636364,0.5,0.489795918367,0.526315789474,0.483333333333,0.575757575758,0.666666666667,0.630434782609,0.363636363636,0.4,0.631578947368,0.448979591837,0.450980392157,0.396551724138,0.655172413793,0.403846153846,0.425,0.375,0.461538461538,0.446808510638,0.71875,0.673469387755,0.560975609756,0.481481481481,0.466666666667,0.526315789474,0.425531914894,0.511627906977,0.510638297872,0.681818181818,0.555555555556,0.56862745098,0.521739130435,0.528301886792,0.566666666667,0.465517241379,0.396551724138,0.557692307692,0.558139534884,0.555555555556,0.492537313433,0.466666666667,0.416666666667,0.490196078431,0.45,0.452830188679,0.605263157895,0.527777777778,0.5,0.478873239437,0.462962962963,0.41935483871,0.409090909091,0.525423728814,0.5,0.619047619048,0.591836734694,0.474576271186,0.508771929825,0.489795918367,0.458333333333,0.583333333333,0.448979591837,0.53488372093,0.55737704918,0.533333333333,0.581395348837,0.530612244898,0.471698113208,0.491525423729,0.51724137931,0.472727272727,0.53488372093,0.59649122807,0.538461538462,0.459459459459,0.477272727273,0.6,0.581818181818,0.605263157895,0.555555555556,0.590909090909,0.645833333333,0.472727272727,0.485294117647,0.5,0.488888888889,0.532258064516,0.511627906977,0.520833333333,0.477272727273,0.590909090909,0.466666666667,0.53125,0.423076923077,0.452380952381,0.65,0.366666666667,0.442307692308,0.565217391304,0.608695652174,0.490196078431,0.5625,0.474576271186,0.464285714286,0.5,0.481481481481,0.472727272727,0.444444444444,0.537037037037,0.478260869565,0.590909090909,0.486486486486,0.5,0.490909090909,0.472727272727,0.441860465116,0.555555555556,0.454545454545,0.322580645161,0.552631578947,0.423076923077,0.44,0.5,0.451612903226,0.481481481481,0.537037037037,0.418181818182,0.457627118644,0.878787878788,0.608695652174,0.607142857143,0.509433962264,0.5,0.558139534884,0.509803921569,0.520833333333,0.392857142857,0.493333333333,0.4375,0.339622641509,0.366666666667,0.55,0.652777777778,0.366666666667,0.462962962963,0.470588235294,0.507936507937,0.423076923077,1.0,0.428571428571,0.533333333333,0.591836734694,0.590163934426,0.477272727273,0.48,0.489795918367,0.609756097561,0.489361702128,0.684210526316,0.5,0.494382022472,0.510204081633,0.526315789474,0.568181818182,0.472222222222,0.5,0.538461538462,0.51724137931,0.454545454545,0.490566037736,0.474576271186,0.603448275862,0.583333333333,0.565789473684,0.547169811321,0.5,0.537037037037,0.423076923077,0.551724137931,0.390243902439,0.584905660377,0.529411764706,0.64,0.547169811321,0.411764705882,0.5,0.543859649123,0.592592592593,0.454545454545,0.613636363636,0.573770491803,0.473684210526,0.48275862069,0.558139534884,0.542372881356,0.551724137931,0.53125,0.607843137255,0.530612244898,0.46511627907,0.485714285714,0.525,0.466666666667,0.571428571429,0.412698412698,0.5,0.576923076923,0.583333333333,0.512820512821,0.436363636364,0.533333333333,0.58,0.365384615385,0.603448275862,0.591836734694,0.575,0.573770491803,0.581395348837,0.42,0.462962962963,0.595238095238,0.54,0.428571428571,0.492063492063,0.536585365854,0.472727272727,0.529411764706,0.436363636364,0.5,0.441860465116,0.408163265306,0.473684210526,0.526315789474,0.452830188679,0.472727272727,0.474576271186,0.558139534884,0.527272727273,0.478260869565,0.4,0.551020408163,0.65,0.454545454545,0.575,0.517857142857,0.45652173913,0.56862745098,0.522727272727,0.5,0.444444444444,0.492307692308,0.465517241379,0.630434782609,0.481481481481,0.528301886792,0.517857142857,0.541666666667,0.528301886792,0.563636363636,0.410714285714,0.432432432432,0.510204081633,0.509803921569,0.487179487179,0.4,0.428571428571,0.54,0.607843137255,0.379310344828,0.607142857143,0.574074074074,0.56862745098,0.525423728814,0.692307692308,0.512820512821,0.367346938776,0.509433962264,0.481481481481,0.360655737705,0.5,0.527777777778,0.615384615385,0.583333333333,0.547619047619,0.571428571429,0.565217391304,0.561403508772,0.618181818182,0.4375,0.5,0.414634146341,0.394736842105,0.384615384615,0.433333333333,0.40625,0.58,0.418181818182,0.444444444444,0.482142857143,0.54347826087,0.31914893617,0.452830188679,0.428571428571,0.641025641026,0.4375,0.536585365854,0.5,0.458333333333,0.44,0.464285714286,0.529411764706,0.448275862069,0.35,0.576923076923,0.548387096774,0.478260869565,0.465517241379,0.574074074074,0.545454545455,0.414634146341,0.348837209302,0.578947368421,0.583333333333,0.333333333333,0.46,0.466666666667,0.533333333333,0.5,0.5,0.418181818182,0.522727272727,0.612903225806,0.533333333333,0.407407407407,0.461538461538,0.462962962963,0.470588235294,0.576271186441,0.607142857143,0.42,0.441860465116,0.489361702128,0.512820512821,0.472727272727,0.436363636364,0.489795918367,0.564102564103,0.461538461538,0.461538461538,0.480769230769,0.555555555556,0.5,0.571428571429,0.571428571429,0.565217391304,0.5,0.514705882353,0.586206896552,0.530612244898,0.45,0.448979591837,0.416666666667,0.454545454545,0.547169811321,0.491228070175,0.549019607843,0.537037037037,0.410714285714,0.409090909091,0.477272727273,0.571428571429,0.627450980392,0.5,0.486486486486,0.574074074074,0.547169811321,0.5,0.581395348837,0.529411764706,0.387755102041,0.478260869565,0.414634146341,0.5,0.605263157895,0.571428571429,0.644444444444,0.451612903226,0.55,0.428571428571,0.408163265306,0.47619047619,0.521739130435,0.403846153846,0.489795918367,0.489795918367,0.5,0.446808510638,0.566037735849,0.5625,0.444444444444,0.483333333333,0.481481481481,0.64,0.473684210526,0.412698412698,0.481481481481,0.461538461538,0.551020408163,0.5,0.537037037037,0.529411764706,0.411764705882,0.515151515152,0.5,0.542372881356,0.542857142857,0.444444444444,0.365853658537,0.509433962264,0.489795918367,0.8,0.553571428571,0.516666666667,0.574468085106,0.52,0.531914893617,0.466666666667,0.466666666667,0.46,0.5,0.508771929825,0.470588235294,0.377358490566,0.442307692308,0.581818181818,0.423728813559,0.384615384615,0.539682539683,0.568965517241,0.473684210526,0.531914893617,0.512820512821,0.434782608696,0.366666666667,0.516666666667,0.535714285714,0.553571428571,0.590909090909,0.688888888889,0.538461538462,0.576923076923,0.461538461538,0.516666666667,0.47619047619,0.651162790698,0.666666666667,0.519230769231,0.387755102041,0.463414634146,0.48275862069,0.568965517241,0.490909090909,0.537037037037,0.561403508772,0.595744680851,0.446808510638,0.454545454545,0.473684210526,0.529411764706,0.5,0.609756097561,0.727272727273,0.519230769231,0.571428571429,0.404761904762,0.595238095238,0.431818181818,0.576923076923,0.625,0.631578947368,0.521739130435,0.555555555556,0.533333333333,0.536585365854,0.511111111111,0.48,0.659090909091,0.65306122449,0.434782608696,0.5,0.40625,0.466666666667,0.508771929825,0.490566037736,0.372093023256,0.358974358974,0.325,0.526315789474,0.311111111111,0.636363636364,0.432432432432,0.553191489362,0.487179487179,0.461538461538,0.413043478261,0.469387755102,0.333333333333,0.318181818182,0.468085106383,0.379310344828,0.473684210526,0.577777777778,0.361111111111,0.442307692308,0.450980392157,0.54,0.4,0.466666666667,0.487179487179,0.531914893617,0.622641509434,0.464285714286,0.52380952381,0.4375,0.450980392157,0.555555555556,0.457627118644,0.684210526316,0.547619047619,0.526315789474,0.5,0.52,0.428571428571,0.474576271186,0.367346938776,0.5625,0.488888888889,0.522727272727,0.448979591837,0.418181818182,0.48,0.508771929825,0.666666666667,0.632653061224,0.634615384615,0.574074074074,0.566666666667,0.6,0.574468085106,0.538461538462,0.416666666667,0.585365853659,0.574468085106,0.536585365854,0.530612244898,0.63829787234,0.592592592593,0.476923076923,0.383333333333,0.470588235294,0.46,0.54,0.510204081633,0.488888888889,0.475,0.59375,0.557692307692,0.448979591837,0.444444444444,0.432432432432,0.461538461538,0.435897435897,0.519230769231,0.428571428571,0.472727272727,0.583333333333,0.56862745098,0.529411764706,0.543859649123,0.465517241379,0.490196078431,0.574074074074,0.456140350877,0.609756097561,0.520833333333,0.558139534884,0.571428571429,0.564516129032,0.408163265306,0.522727272727,0.511111111111,0.594594594595,0.608695652174,0.54,0.333333333333,0.431034482759,0.573770491803,0.4375,0.471698113208,0.533333333333,0.6,0.529411764706,0.423076923077,0.347826086957,0.481481481481,0.586206896552,0.5875,0.547619047619,0.413043478261,0.365853658537,0.377777777778,0.425925925926,0.46,0.452830188679,0.4,0.53488372093,0.526315789474,0.444444444444,0.583333333333,0.508474576271,0.622222222222,0.459459459459,0.375,0.64,0.518518518519,0.538461538462,0.532258064516,0.44,0.5,0.5,0.5,0.529411764706,0.482142857143,0.489795918367,0.462962962963,0.459016393443,0.517857142857,0.4375,0.574074074074,0.509433962264,0.583333333333,0.5,0.472727272727,0.555555555556,0.56862745098,0.566037735849,0.538461538462,0.46,0.457627118644,0.462962962963,0.56,0.369565217391,0.645833333333,0.509090909091,0.47619047619,0.578125,0.615384615385,0.5,0.591836734694,0.560975609756,0.470588235294,0.595238095238,0.315789473684,0.434782608696,0.27027027027,0.416666666667,0.485714285714,0.608695652174,0.511111111111,0.529411764706,0.56862745098,0.577777777778,0.6,0.581395348837,0.630434782609,0.446808510638,0.444444444444,0.557692307692,0.528301886792,0.471698113208,0.448979591837,0.454545454545,0.52,0.542372881356,0.553846153846,0.52380952381,0.569230769231,0.507692307692,0.508474576271,0.313725490196,0.357142857143,0.7,0.428571428571,0.58,0.568181818182,0.6,0.574468085106,0.511627906977,0.525,0.509090909091,0.469696969697,0.627450980392,0.595238095238,0.37037037037,0.428571428571,0.413043478261,0.5,0.416666666667,0.48,0.45652173913,0.534482758621,0.351351351351,0.491228070175,0.576923076923,0.5625,0.511111111111,0.428571428571,0.543859649123,0.536585365854,0.44,0.491525423729,0.474576271186,0.491803278689,0.5,0.44,0.375,0.630434782609,0.540540540541,0.44,0.592592592593,0.633802816901,0.654545454545,0.739130434783,0.4,0.519230769231,0.511111111111,0.52,0.511111111111,0.464285714286,0.559322033898,0.5,0.410256410256,0.619047619048,0.515625,0.482142857143,0.490566037736,0.44,0.415094339623,0.571428571429,0.590909090909,0.63829787234,0.574468085106,0.391304347826,0.645833333333,0.45652173913,0.488888888889,0.54347826087,0.658536585366,0.516129032258,0.596774193548,0.547169811321,0.466666666667,0.375,0.53488372093,0.480769230769,0.44,0.428571428571,0.47619047619,0.589743589744,0.5,0.35,0.447368421053,0.54347826087,0.509090909091,0.446428571429,0.567567567568,1.0,0.46,0.454545454545,0.487179487179,0.555555555556,0.44,0.560606060606,0.454545454545,0.4375,0.472727272727,0.551724137931,0.510204081633,0.422222222222,0.642857142857,0.511627906977,0.431034482759,0.446153846154,0.520833333333,0.547169811321,0.526315789474,0.520833333333,0.551020408163,0.659090909091,0.586956521739,0.25,0.707317073171,0.566037735849,0.574074074074,0.65,0.553191489362,0.592592592593,0.435897435897,0.575,0.421052631579,0.483333333333,0.6,0.433333333333,0.5,0.571428571429,0.533333333333,0.418181818182,0.573770491803,0.451612903226,0.452830188679,0.482142857143,0.536585365854,0.564102564103,0.418604651163,0.5,0.509803921569,0.508771929825,0.5,0.454545454545,0.587301587302,0.565217391304,0.530612244898,0.453125,0.5,0.4,0.458333333333,0.5,0.440677966102,0.509803921569,0.520833333333,0.5,0.432432432432,0.53488372093,0.365384615385,0.541666666667,0.509433962264,0.557692307692,0.525,0.538461538462,0.418604651163,0.519230769231,0.549019607843,0.68253968254,0.578947368421,0.509090909091,0.589743589744,0.549019607843,0.464285714286,0.518518518519,0.463414634146,0.627906976744,0.442307692308,0.5,0.404255319149,0.446808510638,0.466666666667,0.6,0.565217391304,0.472727272727,0.483333333333,0.351351351351,0.564516129032,0.407407407407,0.672727272727,0.6,0.454545454545,0.515625,0.538461538462,0.525,0.422222222222,0.51724137931,0.40625,0.507246376812,0.396226415094,0.392156862745,0.480769230769,0.444444444444,0.515151515152,0.510204081633,0.619047619048,0.357142857143,0.660377358491,0.423076923077,0.421875,0.46,0.460317460317,0.509090909091,0.553846153846,0.528301886792,0.444444444444,0.481481481481,0.584905660377,0.5,0.462962962963,0.415094339623,0.403846153846,0.395348837209,0.478260869565,0.54347826087,0.491803278689,0.52,0.37037037037,0.5,0.545454545455,0.578125,0.6,0.363636363636,0.555555555556,0.59375,0.711538461538,0.581818181818,0.578947368421,0.594594594595,0.571428571429,0.354838709677,0.434782608696,0.473684210526,0.392857142857,0.51724137931,0.557692307692,0.529411764706,0.423076923077,0.593220338983,0.492063492063,0.476923076923,0.479166666667,0.439024390244,0.55,0.407407407407,0.610169491525,0.441176470588,0.571428571429,0.68,0.558139534884,0.396226415094,0.461538461538,0.40350877193,0.578947368421,0.413043478261,0.349206349206,0.508474576271,0.484375,0.589743589744,0.4,0.574468085106,0.517857142857,0.5,0.478260869565,0.409090909091,0.6,0.428571428571,0.444444444444,0.396226415094,0.625,0.5,0.480769230769,0.541666666667,0.4,0.596153846154,0.386363636364,0.536585365854,0.447368421053,0.410256410256,0.478260869565,0.508771929825,0.522727272727,0.44,0.52380952381,0.5,0.52,0.511627906977,0.446808510638,0.409090909091,0.541666666667,0.469387755102,0.462962962963,0.456140350877,0.371428571429,0.540983606557,0.395833333333,0.538461538462,0.512820512821,0.511111111111,0.4,0.613636363636,0.614035087719,0.625,0.563636363636,0.679245283019,0.592592592593,0.532258064516,0.617021276596,0.473684210526,0.371428571429,0.339622641509,0.43137254902,0.509803921569,0.5,0.380952380952,0.485714285714,0.358208955224,0.617021276596,0.571428571429,0.442307692308,0.619047619048,0.604651162791,0.47619047619,0.5,0.545454545455,0.5,0.444444444444,0.538461538462,0.447368421053,0.457142857143,0.589743589744,0.5,0.512195121951,0.552631578947,0.394736842105,0.3,0.452830188679,0.564516129032,0.378378378378,0.377777777778,0.391304347826,0.561403508772,0.478260869565,0.450980392157,0.439024390244,0.677419354839,0.553571428571,0.627450980392,0.619047619048,0.448275862069,0.423076923077,0.433962264151,0.432432432432,0.4,0.510204081633,0.549019607843,0.489795918367,0.431034482759,0.485714285714,0.58064516129,0.422222222222,0.533333333333,0.489795918367,0.454545454545,0.492753623188,0.574468085106,0.536585365854,0.594594594595,0.55737704918,0.527272727273,0.472727272727,0.46511627907,0.519230769231,0.490196078431,0.413043478261,0.5,0.516666666667,0.475409836066,0.468085106383,0.534482758621,0.350877192982,0.459459459459,0.488888888889,0.529411764706,0.423728813559,0.547619047619,0.487804878049,0.414634146341,0.5,0.428571428571,0.586206896552,0.44,0.489795918367,0.471698113208,0.516129032258,0.512195121951,0.594594594595,0.446808510638,0.5,0.468085106383,0.514285714286,0.529411764706,0.465517241379,0.564516129032,0.527272727273,0.465517241379,0.558139534884,0.558139534884,0.694915254237,0.461538461538,0.488888888889,0.488888888889,0.525423728814,0.555555555556,0.590909090909,0.533333333333,0.548387096774,0.392857142857,0.44,0.551724137931,0.491525423729,0.551020408163,0.58,0.54,0.348837209302,0.5,0.391304347826,0.385964912281,0.5,0.512820512821,0.557692307692,0.54,0.408163265306,0.557692307692,0.377777777778,0.5,0.410256410256,0.5,0.333333333333,0.468085106383,0.642857142857,0.422222222222,0.5,0.568965517241,0.475409836066,0.508196721311,0.511627906977,0.46511627907,0.529411764706,0.609756097561,0.44,0.5,0.447368421053,0.585365853659,0.463414634146,0.557692307692,0.492063492063,0.545454545455,0.625,0.509090909091,0.630434782609,0.564516129032,0.463414634146,0.414634146341,0.444444444444,0.469387755102,0.568965517241,0.586956521739,0.52,0.511627906977,0.475409836066,0.416666666667,0.48275862069,0.565217391304,0.4,0.518518518519,0.509090909091,0.575757575758,0.6,0.518518518519,0.425531914894,0.444444444444,0.452380952381,0.53125,0.433333333333,0.553571428571,0.450980392157,0.583333333333,0.518518518519,0.439024390244,0.529411764706,0.45652173913,0.415094339623,0.529411764706,0.5,0.5625,0.454545454545,0.4,0.552631578947,0.479166666667,0.378378378378,0.509433962264,0.513513513514,0.470588235294,0.326923076923,0.475409836066,0.622950819672,0.525,0.452380952381,0.508474576271,0.5625,0.461538461538,0.4,0.520833333333,0.488888888889,0.511111111111,0.5,0.7,0.444444444444,0.444444444444,0.539682539683,0.511627906977,0.520833333333,0.555555555556,0.530612244898,0.521739130435,0.625,0.357142857143,0.603773584906,0.410714285714,0.485714285714,0.581395348837,0.4,0.442857142857,0.535714285714,0.451612903226,0.553191489362,0.528301886792,0.404761904762,0.526315789474,0.456140350877,0.425531914894,0.58,0.491228070175,0.538461538462,0.621621621622,0.533333333333,0.428571428571,0.387755102041,0.475,0.529411764706,0.507692307692,0.55,0.573529411765,0.526315789474,0.510638297872,0.462962962963,0.545454545455,0.369565217391,0.533333333333,0.428571428571,0.549019607843,0.5,0.559322033898,0.463414634146,0.458333333333,0.5,0.4,0.489361702128,0.5,0.53125,0.5,0.463414634146,0.576271186441,0.568965517241,0.621621621622,0.558139534884,0.622222222222,0.473684210526,0.529411764706,0.370967741935,0.425531914894,0.52,0.545454545455,0.477272727273,0.565217391304,0.470588235294,0.46511627907,0.413043478261,0.64,0.603448275862,0.603448275862,0.547619047619,0.578947368421,0.510204081633,0.575757575758,0.596153846154,0.466666666667,0.450980392157,0.527272727273,0.588235294118,0.659090909091,0.613636363636,0.470588235294,0.529411764706,0.558139534884,0.458333333333,0.490566037736,0.529411764706,0.490909090909,0.5,0.444444444444,0.553191489362,0.410256410256,0.432432432432,0.566666666667,0.297872340426,0.470588235294,0.454545454545,0.549019607843,0.37037037037,0.52380952381,0.448275862069,0.396226415094,0.527272727273,0.490909090909,0.534482758621,0.527777777778,0.658536585366,0.511111111111,0.479166666667,0.409090909091,0.594202898551,0.645833333333,0.511111111111,0.4375,0.6,0.6,0.613636363636,0.545454545455,0.583333333333,0.444444444444,0.444444444444,0.455882352941,0.4,0.6,0.5,0.5,0.576271186441,0.585365853659,0.45,0.557692307692,0.441860465116,0.538461538462,0.641025641026,0.571428571429,0.5,0.592592592593,0.674418604651,0.604651162791,0.386363636364,0.466666666667,0.466666666667,0.62962962963,0.46,0.647058823529,0.666666666667,0.423076923077,0.596774193548,0.5,0.5,0.415384615385,0.489361702128,0.4375,0.631578947368,0.5,0.46511627907,0.547169811321,0.531914893617,0.542372881356,0.537037037037,0.5,0.574074074074,0.489361702128,0.607843137255,0.519230769231,0.52,0.480769230769,0.543859649123,0.527272727273,0.627118644068,0.387096774194,0.508771929825,0.550724637681,0.486111111111,0.491803278689,0.526315789474,0.46,0.535714285714,0.351851851852,0.423076923077,0.652173913043,0.636363636364,0.426229508197,0.5,0.369565217391,0.473684210526,0.479166666667,0.619047619048,0.54,0.446428571429,0.578947368421,0.532258064516,0.490909090909,0.548387096774,0.44,0.48,0.393939393939,0.466666666667,0.471698113208,0.425925925926,0.477272727273,0.45652173913,0.431034482759,0.446428571429,0.557692307692,0.325581395349,0.44,0.489361702128,0.567567567568,0.515151515152,0.509803921569,0.382978723404,0.481481481481,0.564102564103,0.48275862069,0.511627906977,0.571428571429,0.659090909091,0.409090909091,0.479166666667,0.574074074074,0.567567567568,0.5625,0.444444444444,0.625,0.416666666667,0.478260869565,0.525,0.444444444444,0.54347826087,0.5,0.511627906977,0.533333333333,0.694444444444,0.585365853659,0.510204081633,0.5,0.469387755102,0.414634146341,0.34693877551,0.446808510638,0.472222222222,0.6,0.404761904762,0.428571428571,0.563636363636,0.44,0.48,0.509803921569,0.625,0.471698113208,0.625,0.478260869565,0.566666666667,0.479166666667,0.519230769231,0.5625,0.555555555556,0.512820512821,0.563636363636,0.622222222222,0.48275862069,0.481481481481,0.534482758621,0.436363636364,0.428571428571,0.524590163934,0.392857142857,0.489795918367,0.340909090909,0.531914893617,0.413793103448,0.630434782609,0.692307692308,0.590909090909,0.446808510638,0.560975609756,0.591836734694,0.0502008032129,0.651162790698,0.79381443299,0.878378378378,0.510204081633,0.5,0.540540540541,0.531914893617,0.5625,0.425531914894,0.479166666667,0.454545454545,0.589285714286,0.478260869565,0.6,0.666666666667,0.462962962963,0.491228070175,0.480769230769,0.5,0.448979591837,0.522727272727,0.659090909091,0.586956521739,0.440677966102,0.589285714286,0.560975609756,0.418181818182,0.425,0.342105263158,0.540983606557,0.442307692308,0.510204081633,0.522727272727,0.610169491525,0.461538461538,0.422222222222,0.54347826087,0.509803921569,0.539682539683,0.568965517241,0.480769230769,0.690476190476,0.464285714286,0.65,0.433962264151,0.5,0.487179487179,0.560975609756,0.452380952381,0.421052631579,0.439024390244,0.428571428571,0.471698113208,0.392156862745,0.528301886792,0.4375,0.518518518519,0.5,0.513513513514,0.5,0.642857142857,0.51724137931,0.48,0.632653061224,0.478260869565,0.51724137931,0.551020408163,0.625,0.444444444444,0.529411764706,0.533333333333,0.414634146341,0.457627118644,0.538461538462,0.585365853659,0.470588235294,0.388888888889,0.533333333333,0.5,0.551724137931,0.489361702128,0.54347826087,0.519230769231,0.510638297872,0.45,0.576923076923,0.583333333333,0.46511627907,0.395833333333,0.609756097561,0.433333333333,0.518518518519,0.392857142857,0.595238095238,0.549019607843,0.553191489362,0.666666666667,0.536585365854,0.529411764706,0.404255319149,0.333333333333,0.509803921569,0.382978723404,0.522388059701,0.5,0.462962962963,0.709677419355,0.5,0.446808510638,0.405405405405,0.466666666667,0.452380952381,0.492537313433,0.490909090909,0.698113207547,0.489361702128,0.472222222222,0.575,0.512195121951,0.652173913043,0.576923076923,0.520833333333,0.444444444444,0.363636363636,0.422222222222,0.522727272727,0.490909090909,0.487804878049,0.526315789474,0.418604651163,0.583333333333,0.571428571429,0.555555555556,0.540983606557,0.571428571429,0.53125,0.58064516129,0.555555555556,0.416666666667,0.571428571429,0.533333333333,0.489361702128,0.5,0.666666666667,0.30612244898,0.479166666667,0.444444444444,0.416666666667,0.5,0.573770491803,0.5,0.38,0.568181818182,0.558139534884,0.488888888889,0.384615384615,0.62,0.559322033898,0.47619047619,0.490566037736,0.59649122807,0.584905660377,0.428571428571,0.636363636364,0.444444444444,0.545454545455,0.583333333333,0.585365853659,0.555555555556,0.90625,0.511627906977,0.54,0.564102564103,0.446808510638,0.490909090909,0.520833333333,0.403846153846,0.388888888889,0.395833333333,0.425531914894,0.555555555556,0.425925925926,0.5,0.469387755102,0.382352941176,0.511627906977,0.568181818182,0.510638297872,0.615384615385,0.520833333333,0.5,0.653846153846,0.394736842105,0.35,0.441860465116,0.542372881356,0.45652173913,0.422222222222,0.413043478261,0.451612903226,0.372881355932,0.322580645161,0.519230769231,0.44,0.561403508772,0.526315789474,0.606060606061,0.4,0.536585365854,0.52380952381,0.613636363636,0.511627906977,0.577777777778,0.509090909091,0.512820512821,0.371428571429,0.489795918367,0.625,0.522727272727,0.489361702128,0.586206896552,0.461538461538,0.574468085106,0.405405405405,0.521739130435,0.548387096774,0.566037735849,0.612903225806,0.42,0.605263157895,0.55,0.545454545455,0.45,0.461538461538,0.605263157895,0.543859649123,0.551724137931,0.457142857143,0.46511627907,0.390243902439,0.440677966102,0.45652173913,0.666666666667,0.590909090909,0.591836734694,0.53125,0.673469387755,0.595744680851,0.508771929825,0.4,0.595744680851,0.571428571429,0.431818181818,0.42,0.574468085106,0.307692307692,0.619047619048,0.459459459459,0.625,0.571428571429,0.657894736842,0.448979591837,0.553571428571,0.487179487179,0.512195121951,0.448979591837,0.531914893617,0.511627906977,0.485294117647,0.613636363636,0.521739130435,0.590909090909,0.478260869565,0.511627906977,0.606060606061,0.612244897959,0.543859649123,0.594594594595,0.386363636364,0.5,0.566666666667,0.538461538462,0.428571428571,0.408163265306,0.354166666667,0.477272727273,0.42,0.568965517241,0.326530612245,0.490909090909,0.558139534884,0.6,0.547169811321,0.446808510638,0.431034482759,0.466666666667,0.543859649123,0.441176470588,0.511627906977,0.4375,0.487804878049,0.581395348837,0.403846153846,0.509433962264,0.5,0.425925925926,0.491228070175,0.545454545455,0.588235294118,0.516129032258,0.6,0.609375,0.553191489362,0.48275862069,0.5,0.444444444444,0.574074074074,0.509090909091,0.528301886792,0.6,0.489795918367,0.477272727273,0.490909090909,0.37037037037,0.450980392157,0.526315789474,0.428571428571,0.421052631579,0.5,0.510638297872,0.56,0.533333333333,0.561403508772,0.56862745098,0.4,0.522727272727,0.490196078431,0.518518518519,0.482142857143,0.488888888889,0.6,0.489795918367,0.435483870968,0.584615384615,0.574468085106,0.530612244898,0.555555555556,0.619047619048,0.5,0.531914893617,0.558823529412,0.510638297872,0.589743589744,0.521739130435,0.584905660377,0.377358490566,0.571428571429,0.409090909091,0.630434782609,0.51724137931,0.574468085106,0.413043478261,0.466666666667,0.522727272727,0.904761904762,0.769230769231,0.4,0.470588235294,0.439024390244,0.491803278689,0.529411764706,0.530612244898,0.307692307692,0.551724137931,0.490566037736,0.608695652174,0.54,0.509433962264,0.627118644068,0.314814814815,0.571428571429,0.54,0.527272727273,0.5,0.491228070175,0.5,0.529411764706,0.444444444444,0.490909090909,0.4,0.292682926829,0.375,0.470588235294,0.58,0.388888888889,0.54347826087,0.533333333333,0.375,0.527777777778,0.510638297872,0.527777777778,0.45,0.533333333333,0.396226415094,0.51724137931,0.454545454545,0.446428571429,0.477272727273,0.414634146341,0.472222222222,0.514285714286,0.5,0.539682539683,0.55,0.557692307692,0.377358490566,0.571428571429,0.406779661017,0.537313432836,0.520833333333,0.510638297872,0.491228070175,0.475,0.485294117647,0.413043478261,0.553191489362,0.516666666667,0.5,0.463414634146,0.446808510638,0.488888888889,0.384615384615,0.488372093023,0.525,0.614035087719,0.409090909091,0.612244897959,0.553571428571,0.380952380952,0.428571428571,0.52380952381,0.558139534884,0.481481481481,0.318181818182,0.404761904762,0.452380952381,0.424242424242,0.425,0.470588235294,0.48275862069,0.454545454545,0.571428571429,0.351851851852,0.522727272727,0.463414634146,0.390243902439,0.395348837209,0.636363636364,0.509090909091,0.5,0.441176470588,0.492063492063,0.617647058824,0.56,0.5,0.482142857143,0.396226415094,0.530612244898,0.452830188679,0.5,0.488372093023,0.588235294118,0.53488372093,0.512195121951,0.58064516129,0.526315789474,0.418604651163,0.53488372093,0.435897435897,0.59649122807,0.553846153846,0.529411764706,0.416666666667,0.396551724138,0.470588235294,0.46,0.479166666667,0.526315789474,0.491228070175,0.444444444444,0.511627906977,0.333333333333,0.676470588235,0.388888888889,0.596153846154,0.433333333333,0.521739130435,0.378378378378,0.545454545455,0.536585365854,0.486486486486,0.380952380952,0.413043478261,0.423076923077,0.438596491228,0.474576271186,0.464788732394,0.431818181818,0.510638297872,0.52380952381,0.358490566038,0.381818181818,0.452830188679,0.440677966102,0.527272727273,0.432432432432,0.452830188679,0.362068965517,0.509803921569,0.574468085106,0.479166666667,0.545454545455,0.5,0.5,0.378378378378,0.464285714286,0.574468085106,0.409090909091,0.468085106383,0.423076923077,0.365384615385,0.583333333333,0.418604651163,0.468085106383,0.387755102041,0.462962962963,0.5,0.431034482759,0.595744680851,0.538461538462,0.411764705882,0.710526315789,0.520833333333,0.434782608696,0.382978723404,0.540540540541,0.440677966102,0.519230769231,0.482142857143,0.384615384615,0.333333333333,0.5,0.612244897959,0.551020408163,0.478260869565,0.444444444444,0.6,0.466666666667,0.58,0.470588235294,0.365384615385,0.44,0.530612244898,0.571428571429,0.543859649123,0.625,0.428571428571,0.404255319149,0.487804878049,0.677419354839,0.536585365854,0.425531914894,0.642857142857,0.44,0.388888888889,0.480769230769,0.545454545455,0.479166666667,0.4,0.487804878049,0.527272727273,0.531914893617,0.508474576271,0.452380952381,0.333333333333,0.452830188679,0.51724137931,0.553571428571,0.676470588235,0.659090909091,0.428571428571,0.42,0.517857142857,0.526315789474,0.348837209302,0.386363636364,0.608695652174,0.509803921569,0.487804878049,0.564102564103,0.585365853659,0.5,0.466666666667,0.391304347826,0.486486486486,0.487179487179,0.391304347826,0.477272727273,0.52,0.423076923077,0.418181818182,0.483870967742,0.595744680851,0.625,0.568965517241,0.576271186441,0.413793103448,0.5,0.549019607843,0.477272727273,0.538461538462,0.423728813559,0.403846153846,0.433962264151,0.438596491228,0.418604651163,0.5,0.404255319149,0.529411764706,0.489361702128,0.525,0.407407407407,0.547619047619,0.545454545455,0.525423728814,0.516666666667,0.327868852459,0.403846153846,0.491228070175,0.555555555556,0.434782608696,0.5,0.473684210526,0.688524590164,0.475,0.527272727273,0.51724137931,0.45,0.4,0.428571428571,0.551020408163,0.4375,0.5,0.543859649123,0.4,0.333333333333,0.416666666667,0.540540540541,0.42,0.436363636364,0.436363636364,0.488888888889,0.434782608696,0.47619047619,0.431818181818,0.574468085106,0.615384615385,0.452830188679,0.450980392157,0.423076923077,0.378378378378,0.380952380952,0.452830188679,0.479166666667,0.555555555556,0.489361702128,0.54,0.54,0.615384615385,0.390243902439,0.473684210526,0.454545454545,0.490196078431,0.489361702128,0.5,0.440677966102,0.309523809524,0.589285714286,0.290909090909,0.408163265306,0.458333333333,0.425531914894,0.431818181818,0.378378378378,0.607843137255,0.62,0.627450980392,0.5,0.416666666667,0.395833333333,0.384615384615,0.525423728814,0.533333333333,0.553191489362,0.474576271186,0.410714285714,0.385964912281,0.515151515152,0.479166666667,0.543859649123,0.333333333333,0.36170212766,0.481481481481,0.560975609756,0.490566037736,0.358208955224,0.607843137255,0.555555555556,0.487804878049,0.414634146341,0.651162790698,0.511111111111,0.40350877193,0.4,0.463414634146,0.536585365854,0.4375,0.520833333333,0.487179487179,0.558139534884,0.595744680851,0.479166666667,0.5,0.53488372093,0.52,0.5625,0.392156862745,0.571428571429,0.527272727273,0.516129032258,0.5625,0.5,0.555555555556,0.44262295082,0.520833333333,0.488372093023,0.545454545455,0.431818181818,0.557692307692,0.382978723404,0.59375,0.390625,0.463414634146,0.512195121951,0.404761904762,0.333333333333,0.214285714286,0.342105263158,0.396226415094,0.489361702128,0.625,0.533333333333,0.382978723404,0.396226415094,0.37037037037,0.428571428571,0.436363636364,0.465517241379,0.591836734694,0.452380952381,0.452380952381,0.393442622951,0.450980392157,0.444444444444,0.58,0.4,0.577777777778,0.43137254902,0.4375,0.604166666667,0.460317460317,0.478260869565,0.447368421053,0.535714285714,0.527777777778,0.731707317073,0.571428571429,0.551724137931,0.42,0.342105263158,0.446808510638,0.5,0.511111111111,0.480769230769,0.404255319149,0.521739130435,0.568965517241,0.469387755102,0.458333333333,0.413793103448,0.469387755102,0.645833333333,0.47619047619,0.46511627907,0.458333333333,0.392857142857,0.618181818182,0.480769230769,0.466666666667,0.488372093023,0.461538461538,0.386363636364,0.472727272727,0.488372093023,0.5,0.48,0.552631578947,0.583333333333,0.395348837209,0.352941176471,0.386363636364,0.394736842105,0.441860465116,0.470588235294,0.489795918367,0.611111111111,0.625,0.45,0.542372881356,0.5625,0.465517241379,0.56,0.490566037736,0.478260869565,0.566037735849,0.548387096774,0.447368421053,0.45,0.540540540541,0.529411764706,0.46511627907,0.486486486486,0.46,0.46,0.471698113208,0.469387755102,0.6,0.377358490566,0.392857142857,0.45652173913,0.587301587302,0.526315789474,0.6,0.56862745098,0.415094339623,0.492063492063,0.422222222222,0.5,0.628571428571,0.696428571429,0.510638297872,0.390243902439,0.5,0.611111111111,0.408163265306,0.454545454545,0.490566037736,0.510204081633,0.58,0.536231884058,0.540983606557,0.44,0.425,0.298245614035,0.551724137931,0.46511627907,0.551020408163,0.537037037037,0.607142857143,0.56,0.425531914894,0.464285714286,0.410256410256,0.433962264151,0.491525423729,0.56,0.458333333333,0.519230769231,0.534482758621,0.428571428571,0.54,0.547619047619,0.547169811321,0.58064516129,0.472222222222,0.371428571429,0.425531914894,0.553571428571,0.620689655172,0.588235294118,0.431034482759,0.490566037736,0.533333333333,0.377777777778,0.469387755102,0.527777777778,0.385964912281,0.565217391304,0.540540540541,0.627906976744,0.595238095238,0.511111111111,0.411764705882,0.5,0.551020408163,0.393442622951,0.5,0.615384615385,0.5,0.520833333333,0.410256410256,0.457142857143,0.560975609756,0.64,0.510638297872,0.549019607843,0.452830188679,0.415094339623,0.470588235294,0.574074074074,0.555555555556,0.418181818182,0.596153846154,0.619047619048,0.564102564103,0.527272727273,0.472727272727,0.492063492063,0.491525423729,0.435483870968,0.583333333333,0.5,0.603773584906,0.596153846154,0.553191489362,0.625,0.510204081633,0.444444444444,0.34,0.674418604651,0.787878787879,0.621621621622,0.521126760563,0.451612903226,0.533333333333,0.659090909091,0.433333333333,0.47619047619,0.541666666667,0.395833333333,0.327586206897,0.543859649123,0.583333333333,0.558139534884,0.516129032258,0.36170212766,0.5,0.446428571429,0.469387755102,0.458333333333,0.540540540541,0.581818181818,0.47619047619,0.395833333333,0.63829787234,0.5,0.51724137931,0.542372881356,0.4375,0.547619047619,0.690909090909,0.528301886792,0.5,0.375,0.43137254902,0.560975609756,0.444444444444,0.456140350877,0.590909090909,0.436363636364,0.583333333333,0.603773584906,0.466666666667,0.694444444444,0.4,0.480769230769,0.407407407407,0.530612244898,0.558139534884,0.606060606061,0.491228070175,0.375,0.521739130435,0.512195121951,0.52380952381,0.581395348837,0.422222222222,0.590909090909,0.461538461538,0.555555555556,0.487804878049,0.557692307692,0.416666666667,0.470588235294,0.5,0.47619047619,0.608695652174,0.367346938776,0.540540540541,0.5,0.475409836066,0.45652173913,0.426229508197,0.659574468085,0.454545454545,0.489361702128,0.583333333333,0.524590163934,0.490566037736,0.507246376812,0.471698113208,0.5,0.5,0.425531914894,0.440677966102,0.571428571429,0.425531914894,0.510638297872,0.594594594595,0.283018867925,0.536585365854,0.465517241379,0.450980392157,0.481481481481,0.480769230769,0.4,0.539682539683,0.564516129032,0.5,0.511627906977,0.543859649123,0.5,0.482142857143,0.520833333333,0.43137254902,0.529411764706,0.465517241379,0.351351351351,0.558139534884,0.476923076923,0.545454545455,0.55,0.384615384615,0.428571428571,0.53488372093,0.512195121951,0.393939393939,0.625,0.469387755102,0.381818181818,0.458333333333,0.45,0.969696969697,0.425925925926,0.481481481481,0.52,0.522727272727,0.454545454545,0.510204081633,0.52380952381,0.538461538462,0.593220338983,0.527272727273,0.642857142857,0.652173913043,0.372093023256,0.642857142857,0.695652173913,0.444444444444,0.428571428571,0.519230769231,0.392156862745,0.382978723404,0.435897435897,0.532258064516,0.433962264151,0.31914893617,0.340425531915,0.363636363636,0.423076923077,0.604166666667,0.566037735849,0.425925925926,0.634146341463,0.607843137255,0.489361702128,0.53488372093,0.405405405405,0.363636363636,0.581395348837,0.564102564103,0.794871794872,0.56862745098,0.577777777778,0.54,0.459459459459,0.546875,0.571428571429,0.516666666667,0.613636363636,0.444444444444,0.509803921569,0.410256410256,0.547619047619,0.5,0.627906976744,0.608695652174,0.581395348837,0.475,0.627450980392,0.392156862745,0.630434782609,0.511111111111,0.490196078431,0.5,0.566666666667,0.58,0.462962962963,0.531914893617,0.438596491228,0.525,0.478260869565,0.536585365854,0.45,0.465517241379,0.51724137931,0.344827586207,0.518518518519,0.395348837209,0.428571428571,0.425531914894,0.46,0.36170212766,0.489795918367,0.5,0.458333333333,0.58,0.409090909091,0.452380952381,0.567567567568,0.547169811321,0.5,0.375,0.557692307692,0.446153846154,0.430769230769,0.510638297872,0.542857142857,0.526315789474,0.55737704918,0.510204081633,0.511111111111,0.511111111111,0.47619047619,0.52380952381,0.511111111111,0.5,0.5,0.511111111111,0.480769230769,0.414634146341,0.641509433962,0.462962962963,0.491228070175,0.42,0.517857142857,0.54,0.474576271186,0.571428571429,0.466666666667,0.467741935484,0.5,0.54347826087,0.470588235294,0.531914893617,0.414634146341,0.545454545455,0.53125,0.405405405405,0.53488372093,0.533333333333,0.581395348837,0.418918918919,0.479166666667,0.563636363636,0.549019607843,0.491228070175,0.487804878049,0.418604651163,0.584905660377,0.428571428571,0.545454545455,0.482142857143,0.396226415094,0.448979591837,0.729166666667,0.659090909091,0.491525423729,0.527272727273,0.533333333333,0.459459459459,0.56,0.425531914894,0.309523809524,0.478260869565,0.526315789474,0.416666666667,0.509433962264,0.444444444444,0.578947368421,0.4375,0.577777777778,0.41935483871,0.435897435897,0.54,0.552631578947,0.540540540541,0.458333333333,0.4375,0.521739130435,0.558823529412,0.47619047619,0.575,0.472727272727,0.462962962963,0.44262295082,0.532258064516,0.553191489362,0.555555555556,0.45652173913,0.560975609756,0.54347826087,0.486486486486,0.411764705882,0.388888888889,0.425925925926,0.48,0.673469387755,0.568181818182,0.509803921569,0.559322033898,0.549019607843,0.521739130435,0.5,0.542372881356,0.47619047619,0.52,0.471698113208,0.425925925926,0.404255319149,0.490566037736,0.692307692308,0.513513513514,0.45,0.45652173913,0.553571428571,0.475409836066,0.423076923077,0.541666666667,0.604651162791,0.511627906977,0.612244897959,0.46875,0.37037037037,0.454545454545,0.454545454545,0.560975609756,0.5,0.5,0.584905660377,0.411764705882,0.366666666667,0.517857142857,0.568965517241,0.352941176471,0.551724137931,0.489361702128,0.696428571429,0.354166666667,0.372093023256,0.459459459459,0.379310344828,0.545454545455,0.6,0.583333333333,0.540540540541,0.62,0.490909090909,0.547619047619,0.583333333333,0.6,0.553571428571,0.479166666667,0.428571428571,0.479166666667,0.538461538462,0.46,0.526315789474,0.485714285714,0.409090909091,0.642857142857,0.553571428571,0.641025641026,0.40350877193,0.551724137931,0.583333333333,0.52,0.538461538462,0.526315789474,0.475,0.638888888889,0.589285714286,0.476923076923,0.557692307692,0.384615384615,0.479166666667,0.348837209302,0.5,0.627118644068,0.533333333333,0.545454545455,0.568181818182,0.447368421053,0.48,0.607142857143,0.44,0.555555555556,0.446153846154,0.532258064516,0.454545454545,0.454545454545,0.434782608696,0.536585365854,0.490196078431,0.65,0.5,0.414634146341,0.380952380952,0.342105263158,0.575,0.488888888889,0.475,0.549019607843,0.460317460317,0.463414634146,0.470588235294,0.491803278689,0.509090909091,0.372881355932,0.529411764706,0.589743589744,0.491228070175,0.425531914894,0.568181818182,0.415094339623,0.53488372093,0.520833333333,0.571428571429,0.468085106383,0.466666666667,0.536585365854,0.4,0.469387755102,0.409836065574,0.545454545455,0.46,0.418181818182,0.5,0.511627906977,0.511627906977,0.522727272727,0.605263157895,0.452380952381,0.574468085106,0.425925925926,0.547169811321,0.520833333333,0.526315789474,0.596153846154,0.393939393939,0.470588235294,0.459459459459,0.648648648649,0.413043478261,0.5,0.545454545455,0.530612244898,0.590163934426,0.615384615385,0.517857142857,0.55737704918,0.560975609756,0.530612244898,0.489795918367,0.530612244898,0.473684210526,0.358490566038,0.567567567568,0.5,0.64,0.525423728814,0.42,0.563636363636,0.545454545455,0.489361702128,0.466666666667,0.447368421053,0.416666666667,0.574468085106,0.324324324324,0.568181818182,0.526315789474,0.463414634146,0.511627906977,0.448979591837,0.454545454545,0.431818181818,0.571428571429,0.551724137931,0.528301886792,0.450980392157,0.541666666667,0.492063492063,0.65,0.488372093023,0.571428571429,0.551020408163,0.408163265306,0.529411764706,0.519230769231,0.479166666667,0.318181818182,0.422222222222,0.37037037037,0.45652173913,0.509803921569,0.45,0.552631578947,0.452830188679,0.536585365854,0.428571428571,0.45,0.511111111111,0.5,0.479166666667,0.596153846154,0.418181818182,0.514285714286,0.5,0.461538461538,0.52380952381,0.406779661017,0.323943661972,0.490909090909,0.641509433962,0.466666666667,0.388888888889,0.368421052632,0.5,0.368421052632,0.514285714286,0.43137254902,0.470588235294,0.511627906977,0.536585365854,0.615384615385,0.48,0.516666666667,0.589285714286,0.477611940299,0.464285714286,0.403846153846,0.423728813559,0.517857142857,0.470588235294,0.627906976744,0.604166666667,0.395348837209,0.386363636364,0.5625,0.490566037736,0.531914893617,0.486486486486,0.392857142857,0.387755102041,0.533333333333,0.555555555556,0.566666666667,0.444444444444,0.483870967742,0.477272727273,0.560975609756,0.513513513514,0.522727272727,0.418604651163,0.326530612245,0.576923076923,0.460317460317,0.684210526316,0.545454545455,0.422222222222,0.441176470588,0.5,0.512820512821,0.537037037037,0.508474576271,0.421052631579,0.46875,0.466666666667,0.454545454545,0.525423728814,0.431034482759,0.5,0.466666666667,0.553846153846,0.413793103448,0.431818181818,0.538461538462,0.636363636364,0.518518518519,0.425531914894,0.590163934426,0.533333333333,0.53125,0.478260869565,0.450980392157,0.352941176471,0.54,0.627450980392,0.492537313433,0.533333333333,0.45652173913,0.621621621622,0.592592592593,0.34,0.421052631579,0.563636363636,0.392857142857,0.512195121951,0.621621621622,0.5,0.552631578947,0.529411764706,0.514285714286,0.560975609756,0.575,0.511111111111,0.518518518519,0.469387755102,0.642857142857,0.612244897959,0.63829787234,0.673913043478,0.541666666667,0.521739130435,0.547619047619,0.533333333333,0.466666666667,0.52380952381,0.540540540541,0.5,0.418181818182,0.42,0.475409836066,0.538461538462,0.55,0.384615384615,0.461538461538,0.430769230769,0.5,0.574468085106,0.54347826087,0.369565217391,0.418181818182,0.446808510638,0.418181818182,0.484375,0.447368421053,0.466666666667,0.52,0.53488372093,0.46875,0.486486486486,0.431818181818,0.326086956522,0.548387096774,0.487804878049,0.481481481481,0.555555555556,0.6,0.386363636364,0.354838709677,0.404255319149,0.463414634146,0.545454545455,0.489795918367,0.614035087719,0.52,0.55,0.463414634146,0.439024390244,0.617021276596,0.454545454545,0.516129032258,0.454545454545,0.5,0.55,0.565217391304,0.470588235294,0.619047619048,0.5,0.4,0.454545454545,0.5,0.583333333333,0.511111111111,0.653846153846,0.634615384615,0.617021276596,0.560975609756,0.642857142857,0.489795918367,0.480769230769,0.52,0.538461538462,0.441860465116,0.583333333333,0.5,0.473684210526,0.435897435897,0.518518518519,0.446808510638,0.583333333333,0.444444444444,0.43137254902,0.5,0.448979591837,0.466666666667,0.446808510638,0.472727272727,0.452830188679,0.567567567568,0.511111111111,0.425531914894,0.52380952381,0.454545454545,0.48275862069,0.596153846154,0.411764705882,0.446428571429,0.408163265306,0.530864197531,0.477272727273,0.435483870968,0.5,0.52,0.575,0.625,0.510204081633,0.566037735849,0.512820512821,0.36170212766,0.44,0.697674418605,0.534482758621,0.576923076923,0.62,0.448979591837,0.365384615385,0.367346938776,0.491228070175,0.477611940299,0.5,0.441176470588,0.52,0.41935483871,0.52380952381,0.547169811321,0.410714285714,0.5,0.574074074074,0.514285714286,0.736842105263,0.490196078431,0.606557377049,0.448979591837,0.414634146341,0.354166666667,0.508196721311,0.531914893617,0.546875,0.448979591837,0.568965517241,0.638888888889,0.530612244898,0.472727272727,0.590909090909,0.509433962264,0.5625,0.628571428571,0.540540540541,0.45,0.431034482759,0.527272727273,0.42,0.543859649123,0.548387096774,0.424242424242,0.607142857143,0.526315789474,0.491803278689,0.577777777778,0.490566037736,0.473684210526,0.416666666667,0.447368421053,0.5625,0.408163265306,0.478260869565,0.488372093023,0.559322033898,0.470588235294,0.463414634146,0.442307692308,0.474576271186,0.470588235294,0.708333333333,0.470588235294,0.54,0.509433962264,0.571428571429,0.545454545455,0.521739130435,0.511111111111,0.428571428571,0.461538461538,0.5,0.578947368421,0.571428571429,0.558139534884,0.491228070175,0.403225806452,0.478873239437,0.589743589744,0.4,0.566037735849,0.576271186441,0.588235294118,0.610169491525,0.509090909091,0.634146341463,0.702702702703,0.481481481481,0.459016393443,0.47619047619,0.46511627907,0.404761904762,0.46875,0.462686567164,0.492063492063,0.464285714286,0.566666666667,0.5,0.5,0.577777777778,0.387755102041,0.442307692308,0.555555555556,0.452380952381,0.534482758621,0.479166666667,0.520833333333,0.516129032258,0.488372093023,0.4,0.576923076923,0.517857142857,0.408163265306,0.589743589744,0.609756097561,0.5,0.546875,0.607843137255,0.607843137255,0.564102564103,0.553571428571,0.75,0.516129032258,0.473684210526,0.537037037037,0.561403508772,0.461538461538,0.4375,0.571428571429,0.631578947368,0.38,0.428571428571,0.450980392157,0.565217391304,0.466666666667,0.377777777778,0.612244897959,0.604166666667,0.4375,0.531914893617,0.413793103448,0.491525423729,0.462962962963,0.666666666667,0.5,0.439024390244,0.5,0.461538461538,0.596153846154,0.553571428571,0.456140350877,0.464285714286,0.530612244898,0.52,0.409090909091,0.377777777778,0.591836734694,0.54,0.5,0.527777777778,0.454545454545,0.480769230769,0.564516129032,0.5,0.477272727273,0.552631578947,0.43137254902,0.444444444444,0.479166666667,0.512195121951,0.526315789474,0.566037735849,0.5625,0.533333333333,0.475,0.613636363636,0.525423728814,0.486486486486,0.589743589744,0.527777777778,0.5,0.490566037736,0.528571428571,0.5,0.487179487179,0.541666666667,0.533333333333,0.529411764706,0.522727272727,0.509090909091,0.549019607843,0.451612903226,0.625,0.551724137931,0.552631578947,0.466666666667,0.566666666667,0.454545454545,0.5,0.512820512821,0.408163265306,0.491803278689,0.621621621622,0.55,0.452380952381,0.354166666667,0.48275862069,0.358490566038,0.48275862069,0.5,0.555555555556,0.48,0.590909090909,0.574468085106,0.516129032258,0.464285714286,0.435897435897,0.454545454545,0.537037037037,0.425925925926,0.477272727273,0.5,0.463414634146,0.511111111111,0.619047619048,0.616666666667,0.571428571429,0.509090909091,0.263157894737,0.533333333333,0.547169811321,0.520833333333,0.541666666667,0.553191489362,0.567567567568,0.422222222222,0.422222222222,0.536585365854,0.5,0.46511627907,0.428571428571,0.393442622951,0.415094339623,0.4,0.416666666667,0.541666666667,0.577777777778,0.536585365854,0.5,0.47619047619,0.378378378378,0.416666666667,0.422222222222,0.4,0.454545454545,0.527272727273,0.509090909091,0.448979591837,0.575,0.513513513514,0.469387755102,0.422222222222,0.428571428571,0.5,0.678571428571,0.6,0.444444444444,0.466666666667,0.469387755102,0.636363636364,0.4,0.433962264151,0.454545454545,0.609756097561,0.516129032258,0.372881355932,0.535714285714,0.412698412698,0.44262295082,0.488372093023,0.393442622951,0.404761904762,0.58,0.588235294118,0.404761904762,0.355555555556,0.485714285714,0.566666666667,0.487804878049,0.490566037736,0.487179487179,0.62962962963,0.470588235294,0.434782608696,0.525423728814,0.5,0.434782608696,0.485714285714,0.352941176471,0.6,0.450980392157,0.5,0.5625,0.404255319149,0.71875,0.6,0.591836734694,0.54347826087,0.528301886792,0.444444444444,0.530612244898,0.567567567568,0.541666666667,0.472222222222,0.574468085106,0.421052631579,0.4,0.384615384615,0.54,0.453125,0.674418604651,0.352941176471,0.5,0.5,0.428571428571,0.666666666667,0.512820512821,0.595238095238,0.625,0.418181818182,0.538461538462,0.596153846154,0.5,0.441860465116,0.4375,0.390243902439,0.551724137931,0.45652173913,0.491803278689,0.4375,0.45,0.410256410256,0.56862745098,0.457142857143,0.571428571429,0.534482758621,0.5,0.525423728814,0.490566037736,0.596153846154,0.531914893617,0.491525423729,0.346153846154,0.539682539683,0.557692307692,0.509090909091,0.581818181818,0.581818181818,0.5,0.533333333333,0.43137254902,0.526315789474,0.422222222222,0.58,0.372549019608,0.415094339623,0.474576271186,0.510638297872,0.511111111111,0.553846153846,0.413043478261,0.555555555556,0.393939393939,0.422222222222,0.459459459459,0.589743589744,0.519230769231,0.520833333333,0.432432432432,0.52,0.642857142857,0.477272727273,0.48,0.488372093023,0.421052631579,0.5,0.5,0.473684210526,0.368421052632,0.467741935484,0.489361702128,0.513513513514,0.348837209302,0.565217391304,0.511111111111,0.590909090909,0.490909090909,0.658536585366,0.666666666667,0.5,0.594594594595,0.468085106383,0.5,0.509090909091,0.415094339623,0.372093023256,0.5,0.638888888889,0.492537313433,0.452830188679,0.490909090909,0.442307692308,0.592592592593,0.421052631579,0.276595744681,0.433333333333,0.551724137931,0.446808510638,0.426229508197,0.416666666667,0.413043478261,0.5,0.611111111111,0.375,0.469387755102,0.5,0.482142857143,0.450980392157,0.56,0.473684210526,0.428571428571,0.459016393443,0.615384615385,0.5,0.604166666667,0.483333333333,0.567567567568,0.490196078431,0.489795918367,0.535714285714,0.520833333333,0.444444444444,0.53488372093,0.5,0.490196078431,0.6,0.5,0.54347826087,0.517857142857,0.43137254902,0.5,0.575757575758,0.638888888889,0.5,0.51724137931,0.484848484848,0.421052631579,0.7,0.674418604651,0.558139534884,0.488888888889,0.545454545455,0.372549019608,0.473684210526,0.488372093023,0.466666666667,0.53488372093,0.574074074074,0.470588235294,0.490566037736,0.5,0.448275862069,0.62962962963,0.405405405405,0.595238095238,0.58,0.433962264151,0.436363636364,0.538461538462,0.470588235294,0.560975609756,0.490196078431,0.512820512821,0.423076923077,0.424242424242,0.40350877193,0.5,0.38,0.441176470588,0.4,0.464285714286,0.533333333333,0.487179487179,0.388888888889,0.466666666667,0.627906976744,0.5,0.459016393443,0.617021276596,0.619047619048,0.558823529412,0.555555555556,0.603448275862,0.535714285714,0.413043478261,0.413043478261,0.631578947368,0.542372881356,0.545454545455,0.45,0.534246575342,0.567164179104,0.45,0.459459459459,0.5,0.521739130435,0.508771929825,0.583333333333,0.625,0.533333333333,0.486486486486,0.5,0.56862745098,0.490196078431,0.52380952381,0.428571428571,0.528301886792,0.490566037736,0.431034482759,0.384615384615,0.52,0.577777777778,0.545454545455,0.351351351351,0.422222222222,0.409090909091,0.442307692308,0.454545454545,0.5,0.666666666667,0.566666666667,0.392857142857,0.463414634146,0.489795918367,0.5,0.574074074074,0.461538461538,0.489361702128,0.355555555556,0.448275862069,0.41935483871,0.403846153846,0.351351351351,0.47619047619,0.384615384615,0.487179487179,0.456140350877,0.6,0.553191489362,0.577777777778,0.439024390244,0.533333333333,0.5,0.5,0.4,0.378378378378,0.511627906977,0.55,0.490196078431,0.466666666667,0.576923076923,0.564102564103,0.478260869565,0.472222222222,0.435897435897,0.485714285714,0.489795918367,0.613636363636,0.542857142857,0.513513513514,0.575,0.516129032258,0.6,0.465517241379,0.54,0.545454545455,0.607142857143,0.439024390244,0.568181818182,0.529411764706,0.387755102041,0.488372093023,0.549019607843,0.511111111111,0.46,0.46,0.428571428571,0.603773584906,0.590909090909,0.54347826087,0.369565217391,0.470588235294,0.391304347826,0.515151515152,0.578947368421,0.414634146341,0.441176470588,0.489361702128,0.375,0.5,0.657894736842,0.411764705882,0.594594594595,0.470588235294,0.551724137931,0.466666666667,0.608695652174,0.519230769231,0.4,0.521739130435,0.512195121951,0.454545454545,0.45,0.351851851852,0.489795918367,0.422222222222,0.604651162791,0.509803921569,0.568181818182,0.53488372093,0.456140350877,0.54347826087,0.594594594595,0.48275862069,0.634146341463,0.567567567568,0.41935483871,0.538461538462,0.542857142857,0.518518518519,0.46511627907,0.463414634146,0.526315789474,0.575,0.537037037037,0.477272727273,0.592592592593,0.615384615385,0.588235294118,0.431818181818,0.575,0.574074074074,0.446428571429,0.511111111111,0.543859649123,0.58,0.541666666667,0.522727272727,0.489361702128,0.351351351351,0.425,0.459016393443,0.595238095238,0.6,0.428571428571,0.302325581395,0.394736842105,0.473684210526,0.5,0.520833333333,0.473684210526,0.541666666667,0.4,0.446808510638,0.609756097561,0.632653061224,0.358208955224,0.377358490566,0.549019607843,0.38,0.518518518519,0.481481481481,0.428571428571,0.52,0.448275862069,0.461538461538,0.543859649123,0.58,0.5,0.512820512821,0.509090909091,0.475,0.444444444444,0.5,0.52,0.490566037736,0.5,0.490566037736,0.46511627907,0.6,0.514285714286,0.45,0.526315789474,0.428571428571,0.372549019608,0.617647058824,0.45652173913,0.34,0.533333333333,0.615384615385,0.452830188679,0.627906976744,0.560975609756,0.461538461538,0.526315789474,0.862068965517,0.610169491525,0.48,0.610169491525,0.452830188679,0.509803921569,0.522727272727,0.617021276596,0.511111111111,0.509090909091,0.509433962264,0.457142857143,0.533333333333,0.459016393443,0.574074074074,0.4,0.372093023256,0.480769230769,0.4375,0.408163265306,0.6,0.469387755102,0.375,0.666666666667,0.351351351351,0.5,0.557692307692,0.466666666667,0.581395348837,0.627906976744,0.509803921569,0.38,0.595238095238,0.490196078431,0.473684210526,0.47619047619,0.46875,0.538461538462,0.367346938776,0.47619047619,0.581395348837,0.666666666667,0.413793103448,0.444444444444,0.540540540541,0.58064516129,0.625,0.434782608696,0.475,0.5,0.605263157895,0.434782608696,0.6,0.52380952381,0.454545454545,0.5,0.7,0.470588235294,0.357142857143,0.46511627907,0.411764705882,0.451612903226,0.518518518519,0.549019607843,0.5,0.6875,0.612903225806,0.469387755102,0.466666666667,0.431818181818,0.409090909091,0.577777777778,0.565217391304,0.560975609756,0.404761904762,0.485714285714,0.603773584906,0.43137254902,0.444444444444,0.381818181818,0.450980392157,0.5,0.454545454545,0.58,0.611111111111,0.576923076923,0.483333333333,0.55,0.612244897959,0.525,0.462962962963,0.555555555556,0.47619047619,0.428571428571,0.606060606061,0.6,0.363636363636,0.433333333333,0.487804878049,0.46,0.436363636364,0.647058823529,0.484848484848,0.586206896552,0.540540540541,0.538461538462,0.414634146341,0.47619047619,0.512195121951,0.489361702128,0.487804878049,0.652173913043,0.410714285714,0.510638297872,0.588235294118,0.382978723404,0.666666666667,0.666666666667,0.466666666667,0.411764705882,0.551724137931,0.408163265306,0.489795918367,0.574074074074,0.522727272727,0.421052631579,0.607843137255,0.511111111111,0.411764705882,0.486111111111,0.741935483871,0.542857142857,0.519230769231,0.566037735849,0.469696969697,0.477272727273,0.468085106383,0.583333333333,0.489361702128,0.469387755102,0.55,0.515625,0.477272727273,0.472222222222,0.674418604651,0.578947368421,0.480769230769,0.568181818182,0.489361702128,0.490909090909,0.481481481481,0.451612903226,0.428571428571,0.692307692308,0.966666666667,0.848484848485,0.675,0.736842105263,0.525,0.459459459459,0.4,0.466666666667,0.508474576271,0.647058823529,0.474576271186,0.545454545455,0.461538461538,0.489361702128,0.586956521739,0.382352941176,0.552631578947,0.53488372093,0.4,0.542857142857,0.648648648649,0.416666666667,0.584905660377,0.5,0.380952380952,0.45,0.520833333333,0.5,0.491228070175,0.46,0.512820512821,0.589743589744,0.560975609756,0.553571428571,0.551020408163,0.527272727273,0.537037037037,0.596153846154,0.5,0.415094339623,0.549019607843,0.520833333333,0.510204081633,0.583333333333,0.645833333333,0.578947368421,0.56862745098,0.564516129032,0.578125,0.52,0.428571428571,0.544117647059,0.453125,0.576923076923,0.52380952381,0.418181818182,0.395833333333,0.43137254902,0.529411764706,0.542857142857,0.521739130435,0.557142857143,0.627118644068,0.610169491525,0.586206896552,0.511111111111,0.559322033898,0.529411764706,0.530612244898,0.444444444444,0.5,0.54,0.571428571429,0.5,0.5625,0.529411764706,0.446428571429,0.44776119403,0.485294117647,0.566037735849,0.426229508197,0.538461538462,0.553191489362,0.46511627907,0.491228070175,0.491525423729,0.54347826087,0.576923076923,0.589285714286,0.55,0.467741935484,0.45652173913,0.428571428571,0.530612244898,0.477272727273,0.47619047619,0.530303030303,0.629032258065,0.441860465116,0.603773584906,0.5,0.52380952381,0.545454545455,0.551020408163,0.584905660377,0.433962264151,0.465517241379,0.574468085106,0.333333333333,0.508771929825,0.416666666667,0.507042253521,0.486486486486,0.440677966102,0.404255319149,0.675,0.46875,0.612244897959,0.697674418605,0.375,0.464285714286,0.58064516129,0.490196078431,0.58064516129,0.565217391304,1.0,0.377358490566,0.474576271186,0.5,0.380952380952,0.446808510638,0.551724137931,0.516129032258,0.4,0.45652173913,0.55737704918,0.46,0.525423728814,0.606060606061,0.555555555556,0.537037037037,0.489795918367,0.489795918367,0.575,0.560975609756,0.382352941176,0.565217391304,0.372549019608,0.51724137931,0.591836734694,0.390243902439,0.36170212766,0.586956521739,0.604166666667,0.531914893617,0.583333333333,0.537037037037,0.58064516129,0.476923076923,0.46,0.621621621622,0.4,0.431818181818,0.511627906977,0.5,0.62962962963,0.54,0.534482758621,0.413793103448,0.470588235294,0.567567567568,0.551020408163,0.52,0.602941176471,0.741379310345,0.530612244898,0.555555555556,0.5,0.459459459459,0.433962264151,0.468085106383,0.568181818182,0.578947368421,0.511627906977,0.481481481481,0.448275862069,0.531914893617,0.491803278689,0.533333333333,0.547619047619,0.5,0.47619047619,0.513513513514,0.435897435897,0.413793103448,0.488372093023,0.5,0.5,0.560975609756,0.37037037037,0.47619047619,0.472727272727,0.464285714286,0.480769230769,0.489795918367,0.511627906977,0.607142857143,0.575757575758,0.508771929825,0.459459459459,0.344827586207,0.365853658537,0.547619047619,0.681818181818,0.633333333333,0.396226415094,0.54347826087,0.484848484848,0.380952380952,0.5,0.5,0.510638297872,0.5,0.478260869565,0.589285714286,0.357142857143,0.5,0.458333333333,0.5,0.529411764706,0.4375,0.607843137255,0.578947368421,0.5,0.558139534884,0.456140350877,0.384615384615,0.550724637681,0.5,0.557142857143,0.627906976744,0.404255319149,0.446808510638,0.448979591837,0.461538461538,0.489361702128,0.45652173913,0.535714285714,0.411764705882,0.403846153846,0.567567567568,0.53488372093,0.434782608696,0.483870967742,0.446153846154,0.45,0.444444444444,0.452830188679,0.538461538462,0.396551724138,0.307692307692,0.529411764706,0.5,0.706896551724,0.660714285714,0.636363636364,0.491228070175,0.463414634146,0.525,0.480769230769,0.511111111111,0.444444444444,0.530612244898,0.422222222222,0.52,0.5,0.46,0.422222222222,0.54347826087,0.481481481481,0.472727272727,0.5,0.471698113208,0.48275862069,0.481481481481,0.509090909091,0.428571428571,0.414634146341,0.533333333333,0.578947368421,0.5,0.488888888889,0.532258064516,0.5625,0.543859649123,0.469387755102,0.625,0.568965517241,0.471698113208,0.416666666667,0.54,0.409090909091,0.490566037736,0.545454545455,0.520833333333,0.56,0.519230769231,0.536585365854,0.515151515152,0.555555555556,0.4,0.425,0.51724137931,0.5,0.578947368421,0.292682926829,0.47619047619,0.552631578947,0.507936507937,0.416666666667,0.511627906977,0.512195121951,0.516129032258,0.510638297872,0.394736842105,0.490909090909,0.586206896552,0.416666666667,0.567567567568,0.325581395349,0.625,0.568181818182,0.5,0.441860465116,0.466666666667,0.421052631579,0.423076923077,0.489795918367,0.488888888889,0.489795918367,0.458333333333,0.512195121951,0.512195121951,0.472222222222,0.428571428571,0.526315789474,0.446808510638,0.526315789474,0.5,0.560975609756,0.535714285714,0.5,0.521739130435,0.5,0.366666666667,0.461538461538,0.454545454545,0.5,0.575757575758,0.541666666667,0.566037735849,0.32,0.511627906977,0.432432432432,0.611111111111,0.380952380952,0.482142857143,0.590909090909,0.309523809524,0.416666666667,0.565217391304,0.56,0.53488372093,0.54347826087,0.470588235294,0.490909090909,0.375,0.491803278689,0.522727272727,0.547619047619,0.526315789474,0.475,0.418604651163,0.558139534884,0.604651162791,0.568181818182,0.42,0.585365853659,0.409090909091,0.563636363636,0.48,0.56862745098,0.538461538462,0.537037037037,0.608695652174,0.4375,0.459459459459,0.564102564103,0.490566037736,0.553571428571,0.35,0.547169811321,0.559322033898,0.461538461538,0.47619047619,0.6,0.6,0.55,0.35,0.446428571429,0.604166666667,0.578125,0.553846153846,0.51724137931,0.475,0.392857142857,0.555555555556,0.483870967742,0.466666666667,0.447368421053,0.444444444444,0.515151515152,0.628571428571,0.596153846154,0.625,0.578947368421,0.379310344828,0.412698412698,0.54,0.470588235294,0.533333333333,0.591836734694,0.576923076923,0.6,0.574074074074,0.404761904762,0.617021276596,0.345454545455,0.365853658537,0.510638297872,0.438596491228,0.551020408163,0.477272727273,0.352941176471,0.72972972973,0.490909090909,0.584905660377,0.418181818182,0.490196078431,0.51724137931,0.509803921569,0.465517241379,0.466666666667,0.479166666667,0.5625,0.529411764706,0.53488372093,0.487179487179,0.5,0.542857142857,0.5,0.545454545455,0.425925925926,0.456140350877,0.574074074074,0.490909090909,0.560975609756,0.54347826087,0.528301886792,0.555555555556,0.566037735849,0.630434782609,0.615384615385,0.625,0.522727272727,0.44,0.535714285714,0.473684210526,0.576923076923,0.56862745098,0.576923076923,0.519230769231,0.583333333333,0.547169811321,0.54347826087,0.531914893617,0.645833333333,0.434782608696,0.365853658537,0.46875,0.59375,0.577777777778,0.672413793103,0.548387096774,0.423728813559,0.551020408163,0.452380952381,0.52380952381,0.638888888889,0.657142857143,0.5625,0.522727272727,0.4375,0.5,0.735294117647,0.603773584906,0.406779661017,0.557692307692,0.520833333333,0.5,0.358490566038,0.466666666667,0.42,0.44262295082,0.564102564103,0.514285714286,0.566666666667,0.538461538462,0.414634146341,0.642857142857,0.552631578947,0.54,0.488888888889,0.487804878049,0.451612903226,0.604166666667,0.466666666667,0.491803278689,0.452830188679,0.48,0.571428571429,0.450980392157,0.435897435897,0.519230769231,0.509090909091,0.510638297872,0.488372093023,0.447368421053,0.5,0.478260869565,0.43137254902,0.533333333333,0.471698113208,0.413043478261,0.5,0.4,0.564102564103,0.358974358974,0.434782608696,0.418604651163,0.54,0.528301886792,0.428571428571,0.511627906977,0.511111111111,0.514285714286,0.571428571429,0.555555555556,0.441860465116,0.565217391304,0.421052631579,0.48,0.441176470588,0.521126760563,0.458333333333,0.487179487179,0.6,0.459459459459,0.5,0.454545454545,0.5,0.441860465116,0.478260869565,0.629032258065,0.518518518519,0.575,0.521739130435,0.566037735849,0.309523809524,0.403846153846,0.565217391304,0.592592592593,0.591836734694,0.392156862745,0.461538461538,0.395348837209,0.568181818182,0.520833333333,0.372093023256,0.5,0.533333333333,0.446808510638,0.510204081633,0.466666666667,0.521739130435,0.388888888889,0.619047619048,0.361111111111,0.434782608696,0.577777777778,0.533333333333,0.433962264151,0.439024390244,0.425925925926,0.577777777778,0.372093023256,0.610169491525,0.526315789474,0.431818181818,0.490566037736,0.578947368421,0.520547945205,0.630769230769,0.44,0.488888888889,0.516666666667,0.428571428571,0.441176470588,0.5,0.5,0.576923076923,0.435897435897,0.517857142857,0.525423728814,0.5,0.492957746479,0.630434782609,0.537037037037,0.518518518519,0.428571428571,0.4375,0.469387755102,0.615384615385,0.428571428571,0.54,0.413043478261,0.5,0.66,0.5,0.55,0.625,0.447368421053,0.630434782609,0.454545454545,0.44,0.441860465116,0.536585365854,0.465517241379,0.391304347826,0.621621621622,0.404255319149,0.555555555556,0.526315789474,0.53488372093,0.44262295082,0.6,0.692307692308,0.460317460317,0.465517241379,0.555555555556,0.538461538462,0.732142857143,0.411764705882,0.541666666667,0.509090909091,0.931034482759,0.590909090909,0.450980392157,0.509803921569,0.53125,0.476923076923,0.571428571429,0.381818181818,0.365384615385,0.521739130435,0.351851851852,0.411764705882,0.509090909091,0.515625,0.509803921569,0.612244897959,0.46875,0.555555555556,0.551020408163,0.456140350877,0.604651162791,0.595238095238,0.432432432432,0.54347826087,0.439024390244,0.507936507937,0.593220338983,0.431818181818,0.489361702128,0.428571428571,0.565217391304,0.5,0.65306122449,0.578947368421,0.434782608696,0.529411764706,0.392156862745,0.423728813559,0.490909090909,0.538461538462,0.354166666667,0.5,0.576923076923,0.487804878049,0.571428571429,0.517857142857,0.6,0.386363636364,0.551020408163,0.553191489362,0.617021276596,0.644444444444,0.48275862069,0.333333333333,0.541666666667,0.442307692308,0.461538461538,0.522727272727,0.418604651163,0.529411764706,0.472727272727,0.492063492063,0.47619047619,0.547619047619,0.551020408163,0.5625,0.392156862745,0.547619047619,0.527272727273,0.521739130435,0.509803921569,0.64,0.59649122807,0.519230769231,0.615384615385,0.5,0.450980392157,0.344262295082,0.31884057971,0.553571428571,0.375,0.604651162791,0.522727272727,0.66,0.6,0.454545454545,0.609756097561,0.396226415094,0.444444444444,0.575757575758,0.553191489362,0.603448275862,0.375,0.714285714286,0.525423728814,0.555555555556,0.5,0.571428571429,0.380952380952,0.348837209302,0.607142857143,0.490566037736,0.5,0.521739130435,0.530612244898,0.379310344828,0.6,0.545454545455,0.357142857143,0.53488372093,0.548387096774,0.454545454545,0.509090909091,0.325581395349,0.416666666667,0.526315789474,0.52,0.518518518519,0.53488372093,0.408163265306,0.518518518519,0.396551724138,0.435483870968,0.604166666667,0.509803921569,0.545454545455,0.487179487179,0.525,0.409836065574,0.491525423729,0.461538461538,0.5,0.571428571429,0.410714285714,0.461538461538,0.581818181818,0.533333333333,0.538461538462,0.586206896552,0.342857142857,0.525423728814,0.466666666667,0.40625,0.53488372093,0.5,0.42,0.574074074074,0.342857142857,0.444444444444,0.607843137255,0.615384615385,0.46875,0.32,0.320754716981,0.458333333333,0.55,0.475,0.675675675676,0.657894736842,0.52,0.530612244898,0.590909090909,0.238095238095,0.595744680851,0.59649122807,0.585365853659,0.40350877193,0.65,0.628571428571,0.44,0.533333333333,0.291666666667,0.5,0.45652173913,0.48,0.472727272727,0.509090909091,0.509803921569,0.549019607843,0.478260869565,0.510204081633,0.615384615385,0.568181818182,0.645833333333,0.613636363636,0.525,0.5,0.560606060606,0.385964912281,0.588235294118,0.393939393939,0.583333333333,0.606060606061,0.467741935484,0.487804878049,0.6,0.408163265306,0.532258064516,0.490196078431,0.479166666667,0.470588235294,0.666666666667,0.522727272727,0.466666666667,0.404761904762,0.485714285714,0.368421052632,0.492537313433,0.430769230769,0.448979591837,0.53125,0.483870967742,0.45652173913,0.459459459459,0.566666666667,0.557692307692,0.46511627907,0.510204081633,0.393442622951,0.475409836066,0.491803278689,0.578947368421,0.590909090909,0.5,0.473684210526,0.452830188679,0.481481481481,0.531914893617,0.357142857143,0.631578947368,0.587301587302,0.479166666667,0.53488372093,0.487179487179,0.491525423729,0.434782608696,0.673469387755,0.415094339623,0.38,0.488372093023,0.509803921569,0.577777777778,0.571428571429,0.566666666667,0.478260869565,0.391304347826,0.478260869565,0.410256410256,0.394736842105,0.652173913043,0.48,0.561403508772,0.489795918367,0.43137254902,0.608695652174,0.564102564103,0.489361702128,0.441860465116,0.615384615385,0.446428571429,0.5,0.674418604651,0.490196078431,0.470588235294,0.432432432432,0.428571428571,0.423076923077,0.607142857143,0.510204081633,0.463414634146,0.339622641509,0.540983606557,0.473684210526,0.4,0.489795918367,0.564102564103,0.533333333333,0.459016393443,0.372549019608,0.442307692308,0.686274509804,0.403846153846,0.463414634146,0.415094339623,0.767857142857,0.736842105263,0.444444444444,0.47619047619,0.533333333333,0.457142857143,0.515151515152,0.536585365854,0.527272727273,0.590909090909,0.363636363636,0.48,0.440677966102,0.542857142857,0.571428571429,0.558139534884,0.366666666667,0.5,0.5,0.525423728814,0.428571428571,0.541666666667,0.545454545455,0.46875,0.434782608696,0.578947368421,0.447368421053,0.679245283019,0.522727272727,0.528301886792,0.466666666667,0.637931034483,0.463414634146,0.685714285714,0.6875,0.459459459459,0.531914893617,0.641025641026,0.482142857143,0.575,0.589285714286,0.526315789474,0.519230769231,0.422222222222,0.589743589744,0.603773584906,0.483870967742,0.5,0.69696969697,0.525,0.666666666667,0.606557377049,0.386363636364,0.470588235294,0.444444444444,0.585365853659,0.568181818182,0.520833333333,0.5,0.473684210526,0.5,0.531914893617,0.515151515152,0.43137254902,0.531914893617,0.589743589744,0.511627906977,0.608695652174,0.605263157895,0.463414634146,0.468085106383,0.595744680851,0.38,0.507462686567,0.351351351351,0.616438356164,0.6,0.56,0.524590163934,0.539682539683,0.468085106383,0.396825396825,0.424242424242,0.416666666667,0.457142857143,0.297297297297,0.444444444444,0.526315789474,0.586206896552,0.354838709677,0.4,0.561403508772,0.481481481481,0.395833333333,0.410256410256,0.545454545455,0.428571428571,0.511111111111,0.358974358974,0.36170212766,0.28125,0.285714285714,0.515151515152,0.40625,0.480769230769,0.440677966102,0.611111111111,0.555555555556,0.425531914894,0.477272727273,0.454545454545,0.448979591837,0.463414634146,0.433333333333,0.538461538462,0.538461538462,0.44776119403,0.470588235294,0.396551724138,0.5,0.657142857143,0.36170212766,0.461538461538,0.594594594595,0.481481481481,0.5,0.533333333333,0.466666666667,0.627118644068,0.571428571429,0.555555555556,0.5625,0.488372093023,0.5,0.509803921569,0.421052631579,0.526315789474,0.475,0.358974358974,0.557692307692,0.586956521739,0.540540540541,0.448979591837,0.4375,0.42,0.5,0.538461538462,0.528301886792,0.384615384615,0.541666666667,0.521739130435,0.6,0.526315789474,0.6875,0.468085106383,0.56862745098,0.462962962963,0.6,0.354166666667,0.536585365854,0.531914893617,0.348837209302,0.4375,0.604651162791,0.547619047619,0.537037037037,0.540540540541,0.521739130435,0.508196721311,0.549019607843,0.421875,0.674418604651,0.560975609756,0.547169811321,0.581395348837,0.52,0.558139534884,0.486486486486,0.648648648649,0.5625,0.529411764706,0.642857142857,0.583333333333,0.34375,0.632653061224,0.509090909091,0.44,0.46,0.520833333333,0.510204081633,0.475409836066,0.555555555556,0.428571428571,0.413043478261,0.488888888889,0.527272727273,0.613636363636,0.526315789474,0.615384615385,0.384615384615,0.617021276596,0.595238095238,0.485714285714,0.3125,0.525,0.333333333333,0.5,0.446808510638,0.487179487179,0.652173913043,0.647058823529,0.5,0.396551724138,0.413043478261,0.583333333333,0.471698113208,0.5,0.421875,0.56,0.515151515152,0.583333333333,0.466666666667,0.771428571429,0.44,0.510204081633,0.655172413793,0.36170212766,0.390243902439,0.488372093023,0.575,0.441860465116,0.520833333333,0.518518518519,0.488888888889,0.446808510638,0.547169811321,0.461538461538,0.62962962963,0.558139534884,0.40625,0.434782608696,0.512195121951,0.309523809524,0.595238095238,0.444444444444,0.538461538462,0.567567567568,0.418604651163,0.508474576271,0.4,0.380952380952,0.463414634146,0.543859649123,0.5,0.3,0.294117647059,0.5,0.6,0.472222222222,0.613636363636,0.5,0.416666666667,0.636363636364,0.454545454545,0.586956521739,0.642857142857,0.5625,0.441860465116,0.408163265306,0.448275862069,0.5,0.432432432432,0.571428571429,0.459459459459,0.5,0.37037037037,0.63829787234,0.578947368421,0.4,0.390243902439,0.411764705882,0.5625,0.549019607843,0.469387755102,0.484848484848,0.466666666667,0.375,0.558823529412,0.533333333333,0.526315789474,0.631578947368,0.526315789474,0.342105263158,0.730769230769,0.365853658537,0.564102564103,0.576923076923,0.565217391304,0.666666666667,0.452380952381,0.46,0.478873239437,0.464285714286,0.45,0.5,0.543859649123,0.471698113208,0.479166666667,0.617021276596,0.5,0.563636363636,0.552631578947,0.314285714286,0.58,0.524590163934,0.411764705882,0.565217391304,0.409836065574,0.535714285714,0.65,0.536231884058,0.490566037736,0.425531914894,0.576271186441,0.384615384615,0.534482758621,0.475409836066,0.434782608696,0.384615384615,0.520833333333,0.608695652174,0.595744680851,0.44262295082,0.425925925926,0.413793103448,0.46,0.537037037037,0.447368421053,0.446808510638,0.452380952381,0.461538461538,0.558139534884,1.0,0.510204081633,0.388059701493,0.563636363636,0.954545454545,0.954545454545,0.309523809524,0.44,0.414634146341,0.711111111111,0.542857142857,0.542857142857,0.46,0.492307692308,0.327586206897,0.38,0.466666666667,0.5,0.320512820513,0.430107526882,0.96,0.52,0.5,0.296296296296,0.391304347826,0.5,0.720930232558,0.625,0.704918032787,0.676470588235,0.540540540541,0.450980392157,0.531914893617,0.537037037037,0.530612244898,0.408163265306,0.611111111111,0.603773584906,0.673076923077,0.473684210526,0.48275862069,0.463414634146,0.464285714286,0.411764705882,0.566037735849,0.464285714286,0.566037735849,0.52,0.578947368421,0.409090909091,0.652173913043,0.511627906977,0.410256410256,0.568181818182,0.481481481481,0.538461538462,0.481481481481,0.617647058824,0.477272727273,0.4,0.470588235294,0.431818181818,0.44,0.574468085106,0.581818181818,0.431818181818,0.63829787234,0.459016393443,0.573770491803,0.446808510638,0.491803278689,0.611111111111,0.448275862069,0.488888888889,0.46511627907,0.59375,0.612903225806,0.571428571429,0.459016393443,0.538461538462,0.571428571429,0.612244897959,0.6,0.553191489362,0.520833333333,0.475,0.581395348837,0.557692307692,0.558139534884,0.483333333333,0.5,0.525,0.615384615385,0.473684210526,0.489795918367,0.595744680851,0.5,0.642857142857,0.574468085106,0.390243902439,0.591836734694,0.658536585366,0.592592592593,0.5,0.542372881356,0.54347826087,0.47619047619,0.551020408163,0.48,0.54,0.5,0.490566037736,0.545454545455,0.555555555556,0.578947368421,0.555555555556,0.507936507937,0.483333333333,0.507692307692,0.454545454545,0.571428571429,0.529411764706,0.653846153846,0.617021276596,0.625,0.410714285714,0.421052631579,0.528301886792,0.46,0.509433962264,0.538461538462,0.511627906977,0.564516129032,0.524590163934,0.553571428571,0.428571428571,0.520833333333,0.615384615385,0.58064516129,0.645161290323,0.6,0.628571428571,0.577777777778,0.458333333333,0.388888888889,0.588235294118,0.606060606061,0.6,0.421052631579,0.512820512821,0.526315789474,0.384615384615,0.538461538462,0.469387755102,0.510204081633,0.596153846154,0.434782608696,0.674418604651,0.733333333333,0.59649122807,0.586956521739,0.333333333333,0.75,0.676470588235,0.516129032258,0.5,0.563636363636,0.450980392157,0.586206896552,0.517857142857,0.521739130435,0.584905660377,0.517857142857,0.520833333333,0.466666666667,0.54347826087,0.448275862069,0.46,0.464285714286,0.583333333333,0.473684210526,0.394736842105,0.577777777778,0.583333333333,0.536585365854,0.617021276596,0.607843137255,0.533333333333,0.521739130435,0.574468085106,0.464285714286,0.52,0.571428571429,0.586956521739,0.627118644068,0.5,0.56862745098,0.514285714286,0.588235294118,0.794871794872,0.483333333333,0.637931034483,0.452830188679,0.688888888889,0.608695652174,0.475,0.486486486486,0.46511627907,0.604651162791,0.555555555556,0.490909090909,0.520833333333,0.428571428571,0.452830188679,0.577777777778,0.518518518519,0.545454545455,0.461538461538,0.444444444444,0.34693877551,0.531914893617,0.377358490566,0.509090909091,0.545454545455,0.557692307692,0.641509433962,0.595238095238,0.528301886792,0.423076923077,0.53488372093,0.583333333333,0.415094339623,0.425531914894,0.4,0.489795918367,0.490196078431,0.483333333333,0.548387096774,0.510638297872,0.510204081633,0.595744680851,0.591836734694,0.48,0.630434782609,0.557692307692,0.519230769231,0.549019607843,0.545454545455,0.534482758621,0.54,0.380952380952,0.470588235294,0.428571428571,0.410714285714,0.490909090909,0.469387755102,0.553191489362,0.538461538462,0.53488372093,0.533333333333,0.428571428571,0.525423728814,0.409090909091,0.386363636364,0.555555555556,0.471698113208,0.42,0.444444444444,0.461538461538,0.421052631579,0.5,0.547169811321,0.47619047619,0.406779661017,0.421052631579,0.491803278689,0.590163934426,0.463414634146,0.469387755102,0.526315789474,0.560975609756,0.405405405405,0.565217391304,0.516129032258,0.5,0.534482758621,0.591836734694,0.616666666667,0.645833333333,0.6,0.604166666667,0.607843137255,0.52380952381,0.47619047619,0.416666666667,0.479166666667,0.392857142857,0.457627118644,0.428571428571,0.431818181818,0.5,0.518518518519,0.547169811321,0.44,0.483333333333,0.48,0.558823529412,0.547619047619,0.435897435897,0.441860465116,0.54,0.369565217391,0.533333333333,0.545454545455,0.514285714286,0.604651162791,0.454545454545,0.538461538462,0.441860465116,0.454545454545,0.4375,0.444444444444,0.490909090909,0.535714285714,0.516666666667,0.385964912281,0.472727272727,0.52380952381,0.567567567568,0.568965517241,0.439024390244,0.545454545455,0.555555555556,0.535714285714,0.487179487179,0.509433962264,0.44,0.491228070175,0.490566037736,0.555555555556,0.388888888889,0.545454545455,0.387755102041,0.509090909091,0.586956521739,0.547169811321,0.439024390244,0.5,0.434782608696,0.553846153846,0.489795918367,0.469387755102,0.575757575758,0.390243902439,0.507692307692,0.586956521739,0.448275862069,0.5,0.457627118644,0.5,0.471698113208,0.653846153846,0.487179487179,0.545454545455,0.45,0.377777777778,0.5,0.607843137255,0.428571428571,0.552631578947,0.5,0.592592592593,0.481481481481,0.621621621622,0.620689655172,0.479166666667,0.46,0.571428571429,0.377049180328,0.615384615385,0.428571428571,0.541666666667,0.452380952381,0.584905660377,0.490566037736,0.56,0.490566037736,0.463414634146,0.5,0.425531914894,0.462962962963,0.452380952381,0.423076923077,0.547619047619,0.574468085106,0.533333333333,0.490566037736,0.454545454545,0.433962264151,0.632653061224,0.53125,0.523076923077,0.45652173913,0.438596491228,0.5,0.558823529412,0.478260869565,0.377777777778,0.574468085106,0.487804878049,0.558823529412,0.547619047619,0.415384615385,0.5,0.48,0.446153846154,0.560606060606,0.363636363636,0.34,0.469387755102,0.485714285714,0.627906976744,0.470588235294,0.372881355932,0.55,0.537313432836,0.475,0.553191489362,0.5,0.590163934426,0.454545454545,0.541666666667,0.566037735849,0.435897435897,0.528301886792,0.487179487179,0.5,0.542372881356,0.704545454545,0.511627906977,0.432432432432,0.634146341463,0.5,0.545454545455,0.46,0.44,0.31914893617,0.54347826087,0.444444444444,0.666666666667,0.44,0.472727272727,0.442307692308,0.4375,0.479166666667,0.660714285714,0.434782608696,0.43137254902,0.479166666667,0.416666666667,0.450980392157,0.384615384615,0.45652173913,0.450704225352,0.467741935484,0.444444444444,0.488888888889,0.5,0.4,0.431818181818,0.480769230769,0.485294117647,0.489361702128,0.5,0.581395348837,0.473684210526,0.607142857143,0.525423728814,0.555555555556,0.44,0.460526315789,0.454545454545,0.341463414634,0.56862745098,0.538461538462,0.537037037037,0.558139534884,0.352941176471,0.54,0.396226415094,0.512820512821,0.648648648649,0.425,0.511111111111,0.571428571429,0.533333333333,0.5,0.528301886792,0.479166666667,0.442307692308,0.615384615385,0.571428571429,0.711111111111,0.590909090909,0.6,0.574074074074,0.460317460317,0.490566037736,0.490909090909,0.56862745098,0.43137254902,0.367346938776,0.5,0.510204081633,0.528301886792,0.515151515152,0.454545454545,0.53488372093,0.45652173913,0.547169811321,0.641791044776,0.375,0.466666666667,0.487804878049,0.571428571429,0.550724637681,0.510638297872,0.432432432432,0.487179487179,0.444444444444,0.525,0.533333333333,0.461538461538,0.413793103448,0.522727272727,0.477272727273,0.456140350877,0.46,0.390625,0.485294117647,0.555555555556,0.444444444444,0.538461538462,0.390625,0.423076923077,0.540983606557,0.489361702128,0.567567567568,0.515151515152,0.6,0.588235294118,0.513513513514,0.36,0.59375,0.553571428571,0.5,0.511111111111,0.6,0.375,0.549019607843,0.648148148148,0.377777777778,0.586956521739,0.5,0.642857142857,0.571428571429,0.377777777778,0.652173913043,0.564102564103,0.409090909091,0.6,0.548387096774,0.323529411765,0.592592592593,0.47619047619,0.509433962264,0.555555555556,0.541666666667,0.434782608696,0.5,0.55,0.46875,0.434782608696,0.551020408163,0.5,0.411764705882,0.488372093023,0.564516129032,0.442307692308,0.622222222222,0.52380952381,0.543859649123,0.595238095238,0.444444444444,0.4,0.541666666667,0.634615384615,0.450980392157,0.444444444444,0.396551724138,0.56,0.423728813559,0.58,0.56,0.603773584906,0.475,0.530612244898,0.542857142857,0.434782608696,0.533333333333,0.649122807018,0.53488372093,0.435897435897,0.59649122807,0.541666666667,0.421052631579,0.418181818182,0.54347826087,0.508474576271,0.538461538462,0.604651162791,0.446808510638,0.547169811321,0.435897435897,0.428571428571,0.655172413793,0.56,0.489361702128,0.467741935484,0.444444444444,0.488888888889,0.416666666667,0.481481481481,0.438596491228,0.388888888889,0.5625,0.618181818182,0.36,0.45652173913,0.413043478261,0.37037037037,0.42,0.491228070175,0.480769230769,0.520833333333,0.526315789474,0.454545454545,0.521739130435,0.379310344828,0.574074074074,0.565217391304,0.522727272727,0.559322033898,0.48,0.5625,0.564102564103,0.488372093023,0.555555555556,0.565217391304,0.537037037037,0.413043478261,0.404255319149,0.58,0.583333333333,0.52380952381,0.490196078431,0.448275862069,0.452830188679,0.554054054054,0.384615384615,0.45,0.574468085106,0.536585365854,0.466666666667,0.622641509434,0.487804878049,0.561403508772,0.488888888889,0.446428571429,0.583333333333,0.551020408163,0.375,0.54,0.58,0.382978723404,0.466666666667,0.432432432432,0.44,0.468085106383,0.446808510638,0.34,0.404255319149,0.393939393939,0.545454545455,0.56,0.547169811321,0.48275862069,0.413793103448,0.553191489362,0.565217391304,0.392156862745,0.423076923077,0.571428571429,0.525,0.575757575758,0.333333333333,0.441176470588,0.344827586207,0.685714285714,0.466666666667,0.490566037736,0.487179487179,0.512195121951,0.385964912281,0.45,0.510638297872,0.46,1.0,0.480769230769,0.651515151515,0.511111111111,0.4375,0.45,0.52380952381,0.487179487179,0.557692307692,0.5,0.461538461538,0.463414634146,0.481481481481,0.384615384615,0.533333333333,0.561403508772,0.647058823529,0.666666666667,0.52380952381,0.322580645161,0.325581395349,0.666666666667,0.490909090909,0.305555555556,0.575,0.585365853659,0.338983050847,0.613636363636,0.491228070175,0.482142857143,0.65306122449,0.48,0.642857142857,0.52380952381,0.404761904762,0.481481481481,0.46,0.614035087719,0.53125,0.48275862069,0.380952380952,0.461538461538,0.408163265306,0.534482758621,0.468085106383,0.386363636364,0.47619047619,0.4375,0.56862745098,0.472727272727,0.522727272727,0.475,0.43137254902,0.575757575758,0.441860465116,0.586956521739,0.468085106383,0.5,0.489361702128,0.456140350877,0.377358490566,0.5,0.541666666667,0.527272727273,0.674418604651,0.627906976744,0.549019607843,0.444444444444,0.467532467532,0.447368421053,0.533333333333,0.324324324324,0.5,0.470588235294,0.54,0.52380952381,0.545454545455,0.41935483871,0.5,0.534482758621,0.6,0.444444444444,0.545454545455,0.381818181818,0.444444444444,0.474576271186,0.456140350877,0.446808510638,0.485714285714,0.492063492063,0.448275862069,0.485294117647,0.537037037037,0.538461538462,0.530612244898,0.6,0.636363636364,0.440677966102,0.536585365854,0.490196078431,0.666666666667,0.583333333333,0.543859649123,0.452830188679,0.611111111111,0.448979591837,0.463768115942,0.396226415094,0.454545454545,0.607843137255,0.6,0.538461538462,0.461538461538,0.44,0.433962264151,0.473684210526,0.520833333333,0.487804878049,0.450980392157,0.538461538462,0.5,0.540540540541,0.470588235294,0.45,0.410256410256,0.560975609756,0.45652173913,0.531914893617,0.444444444444,0.48,0.441860465116,0.414634146341,0.555555555556,0.490909090909,0.292682926829,0.630434782609,0.42,0.396825396825,0.620689655172,0.574468085106,0.526315789474,0.339622641509,0.466666666667,0.56862745098,0.586956521739,0.608695652174,0.48,0.482142857143,0.47619047619,0.555555555556,0.645833333333,0.5,0.5,0.641025641026,0.488372093023,0.452380952381,0.434782608696,0.5,0.521739130435,0.545454545455,0.541666666667,0.489361702128,0.411764705882,0.454545454545,0.46511627907,0.625,0.52380952381,0.541666666667,0.490196078431,0.3125,0.396551724138,0.411764705882,0.416666666667,0.352941176471,0.465517241379,0.421052631579,0.410256410256,0.542372881356,0.553846153846,0.6,0.428571428571,0.526315789474,0.48,0.465517241379,0.448275862069,0.551020408163,0.541666666667,0.444444444444,0.357142857143,0.418181818182,0.513513513514,0.5625,0.511627906977,0.435897435897,0.558139534884,0.509090909091,0.581818181818,0.55,0.460317460317,0.368421052632,0.415094339623,0.52380952381,0.571428571429,0.56862745098,0.507692307692,0.340425531915,0.535714285714,0.586206896552,0.559322033898,0.555555555556,0.571428571429,0.617021276596,0.59375,0.434782608696,0.511627906977,0.395348837209,0.489361702128,0.559322033898,0.519230769231,0.472727272727,0.576923076923,0.444444444444,0.409836065574,0.48275862069,0.636363636364,0.372549019608,0.5,0.425531914894,0.461538461538,0.488372093023,0.36,0.648648648649,0.538461538462,0.625,0.416666666667,0.491803278689,0.461538461538,0.542857142857,0.418604651163,0.637931034483,0.436363636364,0.59375,0.568181818182,0.418604651163,0.441176470588,0.467741935484,0.489361702128,0.405405405405,0.44262295082,0.469387755102,0.489361702128,0.516666666667,0.521126760563,0.391304347826,0.489795918367,0.45652173913,0.4375,0.492063492063,0.446808510638,0.388888888889,0.564102564103,0.58,0.59649122807,0.476923076923,0.583333333333,0.490196078431,0.390243902439,0.571428571429,0.5,0.439393939394,0.422222222222,0.434782608696,0.5,0.5,0.532258064516,0.58064516129,0.384615384615,0.466666666667,0.416666666667,0.469696969697,0.4,0.484848484848,0.530612244898,0.560975609756,0.5,0.479166666667,0.44262295082,0.272727272727,0.290909090909,0.477272727273,0.560975609756,0.441176470588,0.621621621622,0.53125,0.3125,0.478260869565,0.5,0.530612244898,0.478260869565,0.352941176471,0.333333333333,0.468085106383,0.625,0.489795918367,0.452380952381,0.541666666667,0.529411764706,0.522727272727,0.510638297872,0.52380952381,0.481481481481,0.5,0.461538461538,0.538461538462,0.528301886792,0.444444444444,0.526315789474,0.407407407407,0.5,0.421052631579,0.54347826087,0.588235294118,0.5,0.472727272727,0.365853658537,0.5,0.510638297872,0.52380952381,0.5,0.485714285714,0.441176470588,0.452380952381,0.51724137931,0.583333333333,0.302325581395,0.396825396825,0.529411764706,0.5,0.333333333333,0.536585365854,0.521739130435,0.384615384615,0.482142857143,0.41935483871,0.42,0.558823529412,0.531914893617,0.509433962264,0.416666666667,0.508771929825,0.404255319149,0.589743589744,0.454545454545,0.486486486486,0.45,0.430769230769,0.5,0.6,0.622222222222,0.425925925926,0.529411764706,0.769230769231,0.452380952381,0.391304347826,0.557692307692,0.4,0.44,0.4,0.46,0.717948717949,0.645161290323,0.441860465116,0.541666666667,0.5625,0.358490566038,0.641509433962,0.5,0.354838709677,0.52,0.52380952381,0.54,0.625,0.468085106383,0.532258064516,0.595744680851,0.5,0.538461538462,0.56862745098,0.454545454545,0.555555555556,0.511627906977,0.558139534884,0.483870967742,0.483870967742,0.553571428571,0.411764705882,0.351351351351,0.508474576271,0.484375,0.428571428571,0.64,0.415384615385,0.465517241379,0.48275862069,0.45652173913,0.555555555556,0.522727272727,0.4375,0.672413793103,0.34693877551,0.543859649123,0.404255319149,0.608695652174,0.551724137931,0.521739130435,0.480769230769,0.472222222222,0.609756097561,0.411764705882,0.648148148148,0.642857142857,0.275,0.571428571429,0.531914893617,0.878787878788,0.542857142857,0.655172413793,0.564102564103,0.466666666667,0.571428571429,0.644444444444,0.409090909091,0.655172413793,0.379310344828,0.5,0.482142857143,0.444444444444,0.484375,0.365384615385,0.366666666667,0.574074074074,0.394736842105,0.462686567164,0.404255319149,0.586206896552,0.571428571429,0.404255319149,0.565217391304,0.5,0.531914893617,0.58064516129,0.390243902439,0.595744680851,0.365384615385,0.428571428571,0.577777777778,0.407894736842,0.472222222222,0.384615384615,0.583333333333,0.531914893617,0.393939393939,0.54,0.519230769231,0.659090909091,0.471698113208,0.444444444444,0.415094339623,0.421052631579,0.5,0.519230769231,0.566037735849,0.522388059701,0.551724137931,0.430769230769,0.546875,0.538461538462,0.394736842105,0.345454545455,0.619047619048,0.4,0.441860465116,0.605263157895,0.435897435897,0.393939393939,0.326086956522,0.432432432432,0.386363636364,0.5,0.422222222222,0.632653061224,0.433962264151,0.45652173913,0.431818181818,0.487804878049,0.537037037037,0.511627906977,0.521739130435,0.538461538462,0.508771929825,0.478260869565,0.487804878049,0.547619047619,0.529411764706,0.45,0.607843137255,0.63829787234,0.509090909091,0.316666666667,0.632653061224,0.288461538462,0.526315789474,0.538461538462,0.553846153846,0.478260869565,0.44,0.475,0.5,0.54347826087,0.431818181818,0.488888888889,0.55,0.553191489362,0.43137254902,0.4375,0.367346938776,0.581395348837,0.475,0.461538461538,0.5,0.522727272727,0.5,0.545454545455,0.244897959184,0.5,0.480769230769,0.581818181818,0.5625,0.507936507937,0.522727272727,0.574468085106,0.56862745098,0.557692307692,0.482142857143,0.461538461538,0.421875,0.526315789474,0.549019607843,0.528301886792,0.358974358974,0.52,0.571428571429,0.464285714286,0.469387755102,0.602941176471,0.632653061224,0.571428571429,0.470588235294,0.53488372093,0.528301886792,0.511111111111,0.566037735849,0.452830188679,0.458333333333,0.488888888889,0.448979591837,0.384615384615,0.6,0.488372093023,0.518518518519,0.457142857143,0.536585365854,0.545454545455,0.6,0.509433962264,0.56862745098,0.438596491228,0.520833333333,0.519230769231,0.555555555556,0.518518518519,0.583333333333,0.553191489362,0.540540540541,0.5,0.53488372093,0.477272727273,0.542857142857,0.43137254902,0.595744680851,0.339285714286,0.448275862069,0.710526315789,0.490566037736,0.619047619048,0.574468085106,0.875,0.969696969697,0.561403508772,0.5,0.365384615385,0.522727272727,0.5,0.465517241379,0.535714285714,0.558823529412,0.441860465116,0.486486486486,0.538461538462,0.42,0.566037735849,0.568965517241,0.542857142857,0.526315789474,0.756756756757,0.707317073171,0.654545454545,0.475,0.5,0.552631578947,0.525423728814,0.408163265306,0.565217391304,0.541666666667,0.395348837209,0.441860465116,0.479166666667,0.55,0.413043478261,0.512195121951,0.627450980392,0.63829787234,0.469387755102,0.489795918367,0.491525423729,0.5,0.578947368421,0.551020408163,0.534482758621,0.571428571429,0.489361702128,0.344827586207,0.37037037037,0.620689655172,0.555555555556,0.525,0.5,0.682926829268,0.422222222222,0.435897435897,0.56,0.56,0.428571428571,0.325,0.529411764706,0.581395348837,0.511627906977,0.475409836066,0.393939393939,0.392156862745,0.425531914894,0.31914893617,0.54,0.615384615385,0.434782608696,0.425,0.5,0.48,0.681818181818,0.509433962264,0.585365853659,0.511627906977,0.352941176471,0.536585365854,0.491228070175,0.55737704918,0.441860465116,0.48275862069,0.542372881356,0.488888888889,0.488888888889,0.555555555556,0.428571428571,0.514705882353,0.58064516129,0.519230769231,0.510204081633,0.541666666667,0.425531914894,0.571428571429,0.333333333333,0.510638297872,0.609756097561,0.594594594595,0.55,0.372549019608,0.533333333333,0.468085106383,0.409090909091,0.430769230769,0.666666666667,0.480769230769,0.519230769231,0.4375,0.568181818182,0.479166666667,0.422222222222,0.489361702128,0.583333333333,0.566037735849,0.4,0.583333333333,0.526315789474,0.5,0.577777777778,0.515625,0.574468085106,0.5,0.566037735849,0.5,0.488372093023,0.488372093023,0.571428571429,0.472727272727,0.666666666667,0.447368421053,0.510204081633,0.586956521739,0.47619047619,0.387755102041,0.392857142857,0.549019607843,0.511627906977,0.5,0.517857142857,0.541666666667,0.512195121951,0.434782608696,0.470588235294,0.46511627907,0.490196078431,0.489361702128,0.452830188679,0.386363636364,0.489361702128,0.512195121951,0.4,0.489795918367,0.381818181818,0.467741935484,0.509433962264,0.551020408163,0.46511627907,0.512820512821,0.466666666667,0.54347826087,0.5,0.571428571429,0.557692307692,0.553571428571,0.58,0.56,0.673913043478,0.344827586207,0.611111111111,0.452830188679,0.444444444444,0.532258064516,0.410714285714,0.469387755102,0.727272727273,0.479166666667,0.528301886792,0.581395348837,0.567567567568,0.48,0.48,0.596153846154,0.571428571429,0.596153846154,0.530303030303,0.518518518519,0.547169811321,0.44262295082,0.45,0.444444444444,0.581818181818,0.510638297872,0.434782608696,0.403846153846,0.468085106383,0.529411764706,0.487804878049,0.479166666667,0.392156862745,0.48,0.5,0.566037735849,0.392857142857,0.611111111111,0.604651162791,0.543859649123,0.492063492063,0.472727272727,0.444444444444,0.46,0.509090909091,0.534482758621,0.64,0.625,0.519230769231,0.484848484848,0.508474576271,0.469387755102,0.564102564103,0.446808510638,0.48275862069,0.539682539683,0.52,0.525423728814,0.619047619048,0.5,0.512820512821,0.588235294118,0.559322033898,0.611111111111,0.491803278689,0.368421052632,0.457142857143,0.386363636364,0.5,0.618181818182,0.516666666667,0.461538461538,0.686274509804,0.48,0.461538461538,0.46511627907,0.564102564103,0.467741935484,0.425925925926,0.536585365854,0.567567567568,0.479166666667,0.425531914894,0.595744680851,0.54,0.447368421053,0.65,0.478260869565,0.5,0.468085106383,0.491228070175,0.543859649123,0.5,0.527272727273,0.517857142857,0.473684210526,0.574074074074,0.43137254902,0.431818181818,0.545454545455,0.55,0.568181818182,0.558823529412,0.528301886792,0.659574468085,0.425531914894,0.488888888889,0.372549019608,0.538461538462,0.473684210526,0.357142857143,0.545454545455,0.490566037736,0.549019607843,0.5,0.537037037037,0.537037037037,0.595744680851,0.391304347826,0.571428571429,0.568181818182,0.457627118644,0.489795918367,0.466666666667,0.409090909091,0.428571428571,0.486486486486,0.487179487179,0.604166666667,0.489361702128,0.432432432432,0.53488372093,0.428571428571,0.487804878049,0.4375,0.591836734694,0.589285714286,0.473684210526,0.469387755102,0.358490566038,0.492063492063,0.258620689655,0.54,0.529411764706,0.422222222222,0.540540540541,0.517857142857,0.5,0.470588235294,0.472727272727,0.477611940299,0.454545454545,0.509090909091,0.421052631579,0.510638297872,0.583333333333,0.3,0.480769230769,0.508196721311,0.622222222222,0.404255319149,0.543859649123,0.454545454545,0.543859649123,0.40625,0.611111111111,0.509090909091,0.409090909091,0.4375,0.516129032258,0.538461538462,0.509803921569,0.482142857143,0.52,0.511111111111,0.47619047619,0.608695652174,0.511627906977,0.417910447761,0.526315789474,0.488372093023,0.47619047619,0.470588235294,0.490566037736,0.491525423729,0.477272727273,0.461538461538,0.452830188679,0.558139534884,0.428571428571,0.409836065574,0.509090909091,0.475409836066,0.618181818182,0.470588235294,0.488888888889,0.571428571429,0.436363636364,0.551724137931,0.468085106383,0.553191489362,0.471698113208,0.5,0.477272727273,0.472727272727,0.591836734694,0.481481481481,0.595238095238,0.583333333333,0.563636363636,0.553191489362,0.482142857143,0.392857142857,0.446808510638,0.5,0.511111111111,0.490196078431,0.666666666667,0.42,0.490566037736,0.616666666667,0.604166666667,0.557692307692,0.466666666667,0.529411764706,0.593220338983,0.391304347826,0.481481481481,0.442307692308,0.5,0.416666666667,0.547619047619,0.48275862069,0.478260869565,0.454545454545,0.470588235294,0.651162790698,0.775,0.444444444444,0.418181818182,0.518518518519,0.5,0.375,0.489795918367,0.6,0.581395348837,0.55,0.388059701493,0.577777777778,0.486486486486,0.422222222222,0.439024390244,0.339285714286,0.513513513514,0.571428571429,0.421052631579,0.480769230769,0.454545454545,0.509803921569,0.372093023256,0.439024390244,0.512820512821,0.529411764706,0.436363636364,0.45,0.41935483871,0.393939393939,0.53125,0.627906976744,0.589743589744,0.481481481481,0.594594594595,0.35,0.487179487179,0.413043478261,0.594594594595,0.5,0.525,0.435897435897,0.369565217391,0.466666666667,0.5,0.525,0.577777777778,0.542372881356,0.490196078431,0.5625,0.34,0.526315789474,0.56862745098,0.549019607843,0.46875,0.563636363636,0.372093023256,0.372549019608,0.403846153846,0.45,0.52,0.491803278689,0.596153846154,0.714285714286,0.631578947368,0.433962264151,0.428571428571,0.446808510638,0.529411764706,0.578947368421,0.463414634146,0.538461538462,0.594594594595,0.491803278689,0.45,0.4,0.531914893617,0.389830508475,0.466666666667,0.435897435897,0.5,0.5,0.536585365854,0.434782608696,0.4,0.426229508197,0.52380952381,0.469387755102,0.535714285714,0.384615384615,0.516129032258,0.489795918367,0.561403508772,0.491525423729,0.441860465116,0.5,0.442307692308,0.47619047619,0.508771929825,0.565217391304,0.738095238095,0.6,0.590909090909,0.326923076923,0.460317460317,0.464285714286,0.465517241379,0.603448275862,0.537037037037,0.627906976744,0.454545454545,0.468085106383,0.396226415094,0.5,0.5,0.52380952381,0.452380952381,0.428571428571,0.69387755102,0.452830188679,0.486486486486,0.518518518519,0.432432432432,0.490909090909,0.568181818182,0.441176470588,0.512195121951,0.636363636364,0.585365853659,0.659574468085,0.509433962264,0.450980392157,0.53125,0.586206896552,0.464285714286,0.563636363636,0.43137254902,0.439024390244,0.588235294118,0.5,0.547169811321,0.595744680851,0.6,0.555555555556,0.451612903226,0.436363636364,0.367346938776,0.470588235294,0.466666666667,0.480769230769,0.431818181818,0.658536585366,0.526315789474,0.40625,0.48,0.452830188679,0.511111111111,0.436363636364,0.547169811321,0.54347826087,0.489361702128,0.489361702128,0.454545454545,0.564102564103,0.545454545455,0.459016393443,0.55,0.558139534884,0.592592592593,0.542857142857,0.483870967742,0.521739130435,0.596774193548,0.534482758621,0.546875,0.918918918919,0.46,0.58,0.529411764706,0.535714285714,0.583333333333,0.530612244898,0.486486486486,0.414634146341,0.52380952381,0.472727272727,0.527777777778,0.536585365854,0.409090909091,0.509433962264,0.473684210526,0.590909090909,0.514705882353,0.521739130435,0.473684210526,0.604651162791,0.595238095238,0.351351351351,0.475,0.58,0.446808510638,0.672727272727,0.584905660377,0.5,0.3125,0.72972972973,0.418604651163,0.428571428571,0.446808510638,0.608695652174,0.479166666667,0.566666666667,0.512820512821,0.487804878049,0.511111111111,0.536585365854,0.488888888889,0.269230769231,0.509803921569,0.468085106383,0.395833333333,0.48,0.5,0.519230769231,0.571428571429,0.507462686567,0.46511627907,0.548387096774,0.536585365854,0.489361702128,0.571428571429,0.613636363636,0.480769230769,0.479166666667,0.479166666667,0.521739130435,0.605263157895,0.396226415094,0.5,0.888888888889,0.62,0.6,0.603773584906,0.603174603175,0.40350877193,0.40350877193,0.403225806452,0.5,0.5,0.518518518519,0.574468085106,0.413793103448,0.488372093023,0.636363636364,0.434782608696,0.52380952381,0.545454545455,0.589743589744,0.594594594595,0.511111111111,0.350877192982,0.48,0.64,0.365853658537,0.733333333333,0.595744680851,0.512820512821,0.413043478261,0.526315789474,0.4,0.480769230769,0.509433962264,0.541666666667,0.301587301587,0.478260869565,0.535714285714,0.509803921569,0.5,0.5,0.6,0.527272727273,0.487179487179,0.5,0.48,0.525,0.552631578947,0.564102564103,0.56862745098,0.526315789474,0.375,0.452830188679,0.586956521739,0.487179487179,0.541666666667,0.408163265306,0.466666666667,0.517857142857,0.44,0.454545454545,0.54347826087,0.444444444444,0.540983606557,0.4,0.453125,0.641025641026,0.5,0.456140350877,0.5,0.36,0.386363636364,0.422222222222,0.380952380952,0.526315789474,0.630434782609,0.428571428571,0.42,0.634920634921,0.54347826087,0.525423728814,0.456140350877,0.471698113208,0.425531914894,0.47619047619,0.52,0.538461538462,0.366666666667,0.538461538462,0.444444444444,0.511627906977,0.439024390244,0.46511627907,0.702702702703,0.675,0.540540540541,0.509803921569,0.547619047619,0.51724137931,0.5,0.541666666667,0.448979591837,0.615384615385,0.537037037037,0.607142857143,0.469387755102,0.5,0.5,0.604651162791,0.456140350877,0.526315789474,0.418604651163,0.596153846154,0.428571428571,0.547169811321,0.436363636364,0.435897435897,0.566037735849,0.45,0.430769230769,0.553571428571,0.412698412698,0.547619047619,0.538461538462,0.454545454545,0.648648648649,0.55737704918,0.521739130435,0.477611940299,0.540983606557,0.528571428571,0.533333333333,0.46,0.531914893617,0.446808510638,0.568965517241,0.586206896552,0.477272727273,0.452380952381,0.6,0.461538461538,0.5,0.528301886792,0.47619047619,0.56862745098,0.408163265306,0.468085106383,0.405405405405,0.4,0.466666666667,0.403846153846,0.416666666667,0.4,0.387096774194,0.47619047619,0.432432432432,0.395833333333,0.464285714286,0.396226415094,0.458333333333,0.6,0.471698113208,0.511627906977,0.576923076923,0.555555555556,0.525423728814,0.474576271186,0.372549019608,0.404761904762,0.533333333333,0.578947368421,0.603448275862,0.461538461538,0.421052631579,0.415094339623,0.53488372093,0.4375,0.535714285714,0.444444444444,0.513513513514,0.448275862069,0.529411764706,0.483870967742,0.403846153846,0.511111111111,0.395348837209,0.54,0.372093023256,0.488888888889,0.549019607843,0.627450980392,0.90243902439,0.379746835443,0.484848484848,0.392156862745,0.56862745098,0.589743589744,0.418181818182,0.418604651163,0.522727272727,0.538461538462,0.490566037736,0.416666666667,0.425,0.441860465116,0.471698113208,0.444444444444,0.563636363636,0.508196721311,0.461538461538,0.588235294118,0.5,0.53488372093,0.469387755102,0.517857142857,0.571428571429,0.55,0.5,0.327272727273,0.44,0.465517241379,0.384615384615,0.40350877193,0.595744680851,0.509090909091,0.604651162791,0.462962962963,0.5,0.54,0.555555555556,0.490196078431,0.5,0.551724137931,0.4,0.457142857143,0.490566037736,0.563636363636,0.703703703704,0.382352941176,0.486486486486,0.394736842105,0.541666666667,0.404255319149,0.557692307692,0.516666666667,0.534482758621,0.529411764706,0.566666666667,0.625,0.314285714286,0.5,0.490566037736,0.566037735849,0.5,0.5,0.555555555556,0.418181818182,0.393442622951,0.490909090909,0.372549019608,0.588235294118,0.547619047619,0.6,0.511111111111,0.466666666667,0.490196078431,0.564102564103,0.525,0.404761904762,0.454545454545,0.485714285714,0.340425531915,0.43137254902,0.52,0.439024390244,0.551020408163,0.547169811321,0.507936507937,0.481481481481,0.470588235294,0.5,0.512195121951,0.52,0.511111111111,0.5,0.5,0.491228070175,0.52,0.473684210526,0.564516129032,0.472727272727,0.471698113208,0.474576271186,0.388059701493,0.4,0.388888888889,0.36,0.553571428571,0.4375,0.581395348837,0.62,0.4375,0.31914893617,0.450980392157,0.4375,0.35,0.630434782609,0.483333333333,0.420289855072,0.489795918367,0.584615384615,0.511627906977,0.490566037736,0.519230769231,0.442307692308,0.518518518519,0.65306122449,0.56862745098,0.438596491228,0.578947368421,0.43137254902,0.524590163934,0.4375,0.365853658537,0.568181818182,0.446808510638,0.452830188679,0.4375,0.448275862069,0.46,0.375,0.375,0.547619047619,0.583333333333,0.36170212766,0.584905660377,0.5,0.479166666667,0.45,0.4,0.421052631579,0.564102564103,0.454545454545,0.469387755102,0.555555555556,0.558139534884,0.418181818182,0.525,0.5,0.396226415094,0.488372093023,0.5,0.525,0.517857142857,0.55,0.586206896552,0.51724137931,0.475,0.6,0.45,0.391304347826,0.411764705882,0.541666666667,0.510638297872,0.589743589744,0.4,0.424242424242,0.58064516129,0.62,0.477272727273,0.489361702128,0.488888888889,0.461538461538,0.473684210526,0.407407407407,0.481481481481,0.431034482759,0.475409836066,0.548387096774,0.415094339623,0.578947368421,0.560606060606,0.382978723404,0.514285714286,0.547169811321,0.45652173913,0.5625,0.51724137931,0.4,0.627906976744,0.541666666667,0.526315789474,0.581395348837,0.54347826087,0.428571428571,0.480769230769,0.44,0.463414634146,0.435897435897,0.533333333333,0.536585365854,0.40625,0.5,0.384615384615,0.571428571429,0.473684210526,0.492063492063,0.549019607843,0.46511627907,0.536585365854,0.415094339623,0.521739130435,0.625,0.565217391304,0.470588235294,0.533333333333,0.566666666667,0.347826086957,0.441860465116,0.377777777778,0.5,0.537037037037,0.480769230769,0.5,0.538461538462,0.508474576271,0.421875,0.412698412698,0.549019607843,0.490196078431,0.541666666667,0.509090909091,0.45,0.422222222222,0.632653061224,0.490196078431,0.526315789474,0.545454545455,0.490566037736,0.461538461538,0.418604651163,0.475,0.521739130435,0.478260869565,0.603773584906,0.416666666667,0.468085106383,0.409090909091,0.6,0.538461538462,0.5,0.471698113208,0.511627906977,0.578947368421,0.516666666667,0.478260869565,0.56862745098,0.45,0.435483870968,0.576271186441,0.574074074074,0.470588235294,0.433962264151,0.595238095238,0.5,0.4,0.56862745098,0.422535211268,0.571428571429,0.553571428571,0.561403508772,0.549019607843,0.46511627907,0.66,0.58,0.552631578947,0.571428571429,0.46511627907,0.5,0.666666666667,0.631578947368,0.525,0.520833333333,0.545454545455,0.372093023256,0.543859649123,0.574468085106,0.538461538462,0.612244897959,0.481481481481,0.491803278689,0.490566037736,0.519480519481,0.433962264151,0.5,0.490566037736,0.561403508772,0.566037735849,0.565217391304,0.403846153846,0.433333333333,0.452380952381,0.422222222222,0.56862745098,0.428571428571,0.235294117647,0.386363636364,0.288888888889,0.46,0.489795918367,0.578947368421,0.378378378378,0.395348837209,0.518518518519,0.461538461538,0.510638297872,0.478260869565,0.365853658537,0.557692307692,0.6,0.55,0.487179487179,0.520833333333,0.509090909091,0.515151515152,0.444444444444,0.521739130435,0.448275862069,0.479166666667,0.622222222222,0.45652173913,0.560975609756,0.441860465116,0.434782608696,0.363636363636,0.464285714286,0.509803921569,0.469387755102,0.518518518519,0.518518518519,0.490566037736,0.529411764706,0.5,0.5,0.576923076923,0.48275862069,0.511627906977,0.461538461538,0.520833333333,0.468085106383,0.452830188679,0.442307692308,0.6,0.611111111111,0.345454545455,0.525423728814,0.583333333333,0.52,0.577777777778,0.423076923077,0.533333333333,0.557692307692,0.5,0.466666666667,0.416666666667,0.5,0.485294117647,0.44,0.425925925926,0.421052631579,0.435897435897,0.422222222222,0.537037037037,0.53488372093,0.552631578947,0.660377358491,0.480769230769,0.519230769231,0.56862745098,0.537037037037,0.678571428571,0.666666666667,0.425925925926,0.347826086957,0.438596491228,0.566037735849,0.541666666667,0.571428571429,0.586956521739,0.288888888889,0.44262295082,0.487804878049,0.627906976744,0.5,0.512820512821,0.536585365854,0.511627906977,0.431818181818,0.461538461538,0.653846153846,0.46511627907,0.538461538462,0.636363636364,0.470588235294,0.595238095238,0.473684210526,0.536585365854,0.5,0.512820512821,0.480769230769,0.52,0.555555555556,0.568181818182,0.56,0.446428571429,0.487804878049,0.6,0.595744680851,0.533333333333,0.5,0.666666666667,0.622641509434,0.6,0.54,0.53488372093,0.551020408163,0.563636363636,0.510204081633,0.442307692308,0.575,0.447368421053,0.44,0.403225806452,0.51724137931,0.472222222222,0.529411764706,0.425925925926,0.527272727273,0.56,0.56862745098,0.470588235294,0.3125,0.477272727273,0.659090909091,0.567567567568,0.5,0.51724137931,0.475409836066,0.361111111111,0.416666666667,0.481481481481,0.511111111111,0.557692307692,0.489361702128,0.360655737705,0.413043478261,0.407407407407,0.553191489362,0.58,0.511627906977,0.525,0.479166666667,0.627450980392,0.5,0.4375,0.583333333333,0.578947368421,0.6,0.6,0.444444444444,0.510638297872,0.630434782609,0.369565217391,0.454545454545,0.46875,0.5,0.531914893617,0.5,0.659574468085,0.528301886792,0.525,0.447368421053,0.511627906977,0.627450980392,0.54347826087,0.511111111111,0.391304347826,0.442307692308,0.404761904762,0.608695652174,0.566666666667,0.545454545455,0.4375,0.423076923077,0.441860465116,0.46511627907,0.438596491228,0.37037037037,0.442307692308,0.375,0.521739130435,0.571428571429,0.431818181818,0.512820512821,0.488372093023,0.444444444444,0.5625,0.591836734694,0.510638297872,0.488372093023,0.54347826087,0.557692307692,0.563636363636,0.509803921569,0.42,0.423076923077,0.441176470588,0.543859649123,0.615384615385,0.515625,0.55737704918,0.541666666667,0.452380952381,0.416666666667,0.369565217391,0.489795918367,0.452830188679,0.566666666667,0.464285714286,0.34693877551,0.478260869565,0.64,0.592592592593,0.553191489362,0.56,0.59649122807,0.452830188679,0.545454545455,0.433333333333,0.529411764706,0.425531914894,0.375,0.608695652174,0.469387755102,0.591836734694,0.531914893617,0.372549019608,0.410256410256,0.552631578947,0.411764705882,0.523076923077,0.44,0.584905660377,0.491525423729,0.578947368421,0.448979591837,0.489795918367,0.519230769231,0.508474576271,0.491803278689,0.379310344828,0.431034482759,0.415094339623,0.56,0.619047619048,0.537037037037,0.510638297872,0.574468085106,0.717948717949,0.682926829268,0.59375,0.548387096774,0.357142857143,0.365384615385,0.394736842105,0.53125,0.511111111111,0.511111111111,0.574468085106,0.62962962963,0.558823529412,0.511111111111,0.454545454545,0.469387755102,0.489795918367,0.428571428571,0.461538461538,0.472727272727,0.472727272727,0.59649122807,0.454545454545,0.5,0.4,0.566666666667,0.595238095238,0.454545454545,0.435897435897,0.470588235294,0.421052631579,0.564102564103,0.444444444444,0.509090909091,0.613636363636,0.451612903226,0.530303030303,0.511627906977,0.571428571429,0.439024390244,0.448979591837,0.422222222222,0.612903225806,0.536585365854,0.471698113208,0.413043478261,0.534482758621,0.416666666667,0.518518518519,0.51724137931,0.529411764706,0.5,0.392156862745,0.491525423729,0.555555555556,0.483870967742,0.422222222222,0.520833333333,0.352941176471,0.545454545455,0.583333333333,0.462962962963,0.444444444444,0.533333333333,0.465517241379,0.5,0.477272727273,0.526315789474,0.595238095238,0.666666666667,0.52,0.4,0.525,0.541666666667,0.56862745098,0.351851851852,0.491228070175,0.507692307692,0.571428571429,0.448275862069,0.473684210526,0.535714285714,0.5,0.457627118644,0.549019607843,0.436363636364,0.518518518519,0.48275862069,0.551724137931,0.490566037736,0.6,0.509433962264,0.576923076923,0.510204081633,0.342857142857,0.541666666667,0.53125,0.396226415094,0.386363636364,0.448275862069,0.611111111111,0.568181818182,0.454545454545,0.324324324324,0.440677966102,0.466666666667,0.489795918367,0.469387755102,0.511627906977,0.463414634146,0.5,0.54,0.565217391304,0.524590163934,0.51724137931,0.475,0.528301886792,0.452380952381,0.563636363636,0.409090909091,0.415094339623,0.622222222222,0.423728813559,0.596774193548,0.584905660377,0.490196078431,0.434782608696,0.621621621622,0.537037037037,0.617647058824,0.608695652174,0.595744680851,0.5,0.5,0.586206896552,0.470588235294,0.478260869565,0.357142857143,0.48275862069,0.395348837209,0.418604651163,0.489361702128,0.52380952381,0.5,0.514285714286,0.5,0.452380952381,0.5,0.36,0.416666666667,0.613636363636,0.5,0.529411764706,0.318181818182,0.363636363636,0.452830188679,0.916666666667,0.232558139535,0.714285714286,0.4,0.5,0.581395348837,0.452380952381,0.387755102041,0.391304347826,0.4,0.447368421053,0.441860465116,0.479166666667,0.477272727273,0.475,0.565217391304,0.53125,0.408163265306,0.5625,0.452380952381,0.661016949153,0.604651162791,0.641025641026,0.394736842105,0.535714285714,0.473684210526,0.526315789474,0.512820512821,0.463414634146,0.457142857143,0.528301886792,0.469387755102,0.5,0.531914893617,0.488372093023,0.513513513514,0.355555555556,0.6875,0.5,0.434782608696,0.480769230769,0.433962264151,0.489795918367,0.42,0.615384615385,0.641509433962,0.519230769231,0.590163934426,0.660714285714,0.62,0.69387755102,0.571428571429,0.614035087719,0.410714285714,0.481481481481,0.395833333333,0.549019607843,0.45652173913,0.6,0.558139534884,0.434782608696,0.606557377049,0.428571428571,0.46,0.645161290323,0.903225806452,0.470588235294,0.521739130435,0.436363636364,0.55737704918,0.588235294118,0.482142857143,0.470588235294,0.421052631579,0.551724137931,0.410714285714,0.5,0.487179487179,0.512195121951,0.414634146341,0.642857142857,0.36170212766,0.469387755102,0.674418604651,0.425,0.551020408163,0.473684210526,0.53488372093,0.471698113208,0.52,0.463414634146,0.528301886792,0.510638297872,0.615384615385,0.616666666667,0.40625,0.577777777778,0.55,0.682926829268,0.55,0.571428571429,0.5,0.511111111111,0.489361702128,0.555555555556,0.409090909091,0.621621621622,0.605263157895,0.5,0.536585365854,0.382978723404,0.450980392157,0.444444444444,0.45652173913,0.472727272727,0.603448275862,0.407407407407,0.561403508772,0.5,0.511111111111,0.44,0.541666666667,0.55,0.394736842105,0.428571428571,0.454545454545,0.568181818182,0.52380952381,0.517857142857,0.490196078431,0.452380952381,0.5,0.574074074074,0.511627906977,0.4,0.576923076923,0.458333333333,0.552631578947,0.457142857143,0.5,0.466666666667,0.458333333333,0.5,0.5,0.45,0.448979591837,0.44,0.581818181818,0.512820512821,0.491525423729,0.446428571429,0.551020408163,0.5,0.391304347826,0.482142857143,0.595238095238,0.457142857143,0.423076923077,0.555555555556,0.5,0.433962264151,0.833333333333,0.522727272727,0.454545454545,0.522727272727,0.567567567568,0.535714285714,0.387755102041,0.537037037037,0.547619047619,0.575,0.447368421053,0.615384615385,0.488372093023,0.553191489362,0.447368421053,0.588235294118,0.564102564103,0.461538461538,0.58,0.533333333333,0.468085106383,0.486486486486,0.395833333333,0.46511627907,0.463414634146,0.425925925926,0.6,0.475,0.666666666667,0.520833333333,0.4375,0.384615384615,0.446428571429,0.477272727273,0.630434782609,0.547169811321,0.547619047619,0.413043478261,0.566666666667,0.561403508772,0.593220338983,0.575757575758,0.464285714286,0.510638297872,0.490566037736,0.425925925926,0.52,0.469387755102,0.412698412698,0.454545454545,0.5,0.509433962264,0.596774193548,0.488372093023,0.547619047619,0.5,0.486486486486,0.705882352941,0.488372093023,0.466666666667,0.481481481481,0.625,0.545454545455,0.4,0.46,0.388888888889,0.475,0.485714285714,0.483870967742,0.4375,0.5,0.583333333333,0.454545454545,0.564102564103,0.475409836066,0.590909090909,0.6,0.46511627907,0.526315789474,0.546875,0.555555555556,0.727272727273,0.71875,0.777777777778,0.512820512821,0.564102564103,0.47619047619,0.489795918367,0.528301886792,0.531914893617,0.596153846154,0.625,0.511111111111,0.392857142857,0.571428571429,0.526315789474,0.483333333333,0.5,0.609756097561,0.510638297872,0.685714285714,0.392857142857,0.5625,0.633333333333,0.486486486486,0.388888888889,0.555555555556,0.576923076923,0.45652173913,0.559322033898,0.535714285714,0.666666666667,0.436363636364,0.568181818182,0.441860465116,0.403225806452,0.571428571429,0.564516129032,0.510204081633,0.48275862069,0.5,0.44,0.555555555556,0.377777777778,0.415094339623,0.375,0.7,0.5,0.488372093023,0.431818181818,0.571428571429,0.431818181818,0.446808510638,0.532258064516,0.448275862069,0.5,0.383333333333,0.464285714286,0.461538461538,0.389830508475,0.375,0.565217391304,0.558823529412,0.560975609756,0.511627906977,0.54347826087,0.566037735849,0.518518518519,0.585365853659,0.363636363636,0.456140350877,0.396551724138,0.511627906977,0.606557377049,0.545454545455,0.52,0.512820512821,0.65306122449,0.416666666667,0.48275862069,0.425,0.594594594595,0.555555555556,0.566666666667,0.5,0.5,0.540540540541,0.454545454545,0.47619047619,0.457627118644,0.56,0.578947368421,0.492063492063,0.540983606557,0.583333333333,0.416666666667,0.6,0.391304347826,0.595744680851,0.488372093023,0.620689655172,0.380952380952,0.444444444444,0.406779661017,0.479166666667,0.354838709677,0.5,0.470588235294,0.542372881356,0.655737704918,0.425,0.541666666667,0.5,0.5,0.586206896552,0.538461538462,0.468085106383,0.515625,0.53488372093,0.463414634146,0.428571428571,0.54347826087,0.436363636364,0.613636363636,0.584905660377,0.480769230769,0.5,0.4,0.410256410256,0.489795918367,0.462962962963,0.530612244898,0.5,0.446808510638,0.509433962264,0.441860465116,0.439393939394,0.521739130435,0.54,0.487179487179,0.489361702128,0.6,0.430769230769,0.609756097561,0.559322033898,0.647058823529,0.627450980392,0.560606060606,0.541666666667,0.413043478261,0.444444444444,0.534482758621,0.428571428571,0.571428571429,0.571428571429,0.452380952381,0.509803921569,0.628571428571,0.459016393443,0.571428571429,0.507692307692,0.537037037037,0.456140350877,0.404255319149,0.35593220339,0.5,0.435897435897,0.433333333333,0.559322033898,0.475,0.428571428571,0.516129032258,0.638888888889,0.510204081633,0.446808510638,0.550724637681,0.44262295082,0.568181818182,0.575757575758,0.575757575758,0.431818181818,0.425531914894,0.469387755102,0.612903225806,0.520833333333,0.520833333333,0.577777777778,0.545454545455,0.673913043478,0.5,0.492957746479,0.594594594595,0.59649122807,0.395348837209,0.34,0.383333333333,0.48,0.520833333333,0.6,0.42,0.489361702128,0.537037037037,0.5,0.6,0.490566037736,0.568181818182,0.392156862745,0.392156862745,0.576923076923,0.511111111111,0.54,0.522727272727,0.545454545455,0.558139534884,0.4375,0.54,0.47619047619,0.396226415094,0.425531914894,0.509803921569,0.541666666667,0.513513513514,0.448275862069,0.411764705882,0.392156862745,0.487804878049,0.603773584906,0.657894736842,0.452380952381,0.487804878049,0.531914893617,0.545454545455,0.557692307692,0.627450980392,0.51724137931,0.425531914894,0.522727272727,0.5,0.413043478261,0.538461538462,0.475,0.421052631579,0.425,0.477272727273,0.372093023256,0.46511627907,0.448979591837,0.536585365854,0.415094339623,0.678571428571,0.52380952381,0.594594594595,0.5,0.604651162791,0.576923076923,0.54347826087,0.630434782609,0.42,0.380952380952,0.469387755102,0.392857142857,0.636363636364,0.468085106383,0.69387755102,0.5,0.56,0.444444444444,0.468085106383,0.46,0.480769230769,0.725490196078,0.654545454545,0.527272727273,0.5,0.54,0.510638297872,0.452380952381,0.435483870968,0.558139534884,0.555555555556,0.433962264151,0.558139534884,0.518518518519,0.470588235294,0.565217391304,0.431818181818,0.45652173913,0.6,0.666666666667,0.487804878049,0.536585365854,0.442307692308,0.423728813559,0.478260869565,0.604651162791,0.483333333333,0.448979591837,0.483333333333,0.415094339623,0.725,0.537037037037,0.65625,0.428571428571,0.490909090909,0.452830188679,0.529411764706,0.560975609756,0.760869565217,0.6,0.372093023256,0.5,0.466666666667,0.3125,0.552631578947,0.52,0.588235294118,0.382978723404,0.447368421053,0.448979591837,0.490196078431,0.317073170732,0.444444444444,0.458333333333,0.458333333333,0.514285714286,0.36170212766,0.590163934426,0.638888888889,0.473684210526,0.442307692308,0.509433962264,0.446808510638,0.547169811321,0.5,0.470588235294,0.488888888889,0.5625,0.305555555556,0.5,0.568965517241,0.490566037736,0.471698113208,0.457627118644,0.442307692308,0.658536585366,0.55,0.527272727273,0.423728813559,0.666666666667,0.43661971831,0.615384615385,0.632653061224,0.5,0.511111111111,0.613636363636,0.490566037736,0.470588235294,0.585365853659,0.5,0.388888888889,0.560975609756,0.464285714286,0.533333333333,0.395833333333,0.468085106383,0.425925925926,0.568181818182,0.553191489362,0.525,0.537037037037,0.395833333333,0.381818181818,0.411764705882,0.486486486486,0.365853658537,0.48,0.481481481481,0.491803278689,0.62962962963,0.45,0.489795918367,0.608695652174,0.42,0.613636363636,0.491525423729,0.448979591837,0.448979591837,0.541666666667,0.509433962264,0.457627118644,0.520833333333,0.566037735849,0.41935483871,0.533333333333,0.588235294118,0.474576271186,0.531914893617,0.457142857143,0.488888888889,0.511627906977,0.475,0.413043478261,0.413043478261,0.409090909091,0.552631578947,0.634146341463,0.480769230769,0.428571428571,0.361111111111,0.465517241379,0.411764705882,0.5,0.56,0.574074074074,0.537037037037,0.512820512821,0.531914893617,0.533333333333,0.44,0.4,0.551724137931,0.447368421053,0.405405405405,0.54347826087,0.444444444444,0.594594594595,0.596153846154,0.452830188679,0.615384615385,0.428571428571,0.481481481481,0.541666666667,0.474576271186,0.560975609756,0.6,0.545454545455,0.480769230769,0.561403508772,0.395833333333,0.55,0.511111111111,0.385964912281,0.446808510638,0.552631578947,0.59375,0.414634146341,0.393442622951,0.560975609756,0.4,0.536585365854,0.352941176471,0.5625,0.4375,0.405405405405,0.466666666667,0.46511627907,0.478260869565,0.48275862069,0.454545454545,0.583333333333,0.461538461538,0.468085106383,0.529411764706,0.54347826087,0.428571428571,0.519230769231,0.538461538462,0.563636363636,0.440677966102,0.333333333333,0.487179487179,0.552631578947,0.541666666667,0.473684210526,0.491525423729,0.426229508197,0.578947368421,0.409090909091,0.676470588235,0.54,0.5,0.483870967742,0.634615384615,0.56862745098,0.451612903226,0.438596491228,0.521739130435,0.475,0.545454545455,0.5,0.517857142857,0.531914893617,0.714285714286,0.508771929825,0.436363636364,0.603448275862,0.492063492063,0.559322033898,0.531914893617,0.5,0.578947368421,0.44262295082,0.5,0.538461538462,0.454545454545,0.563636363636,0.470588235294,0.585365853659,0.578947368421,0.444444444444,0.508474576271,0.6,0.5,0.606060606061,0.486486486486,0.5,0.596153846154,0.622222222222,0.435483870968,0.596153846154,0.596153846154,0.41935483871,0.536231884058,0.531914893617,0.377777777778,0.444444444444,0.592592592593,0.46511627907,0.481481481481,0.393939393939,0.55223880597,0.633333333333,0.387755102041,0.532258064516,0.413043478261,0.527272727273,0.584905660377,0.566037735849,0.47619047619,0.566037735849,0.546875,0.5,0.490909090909,0.375,0.491228070175,0.438596491228,0.596153846154,0.617021276596,0.47619047619,0.55,0.586206896552,0.46,0.513513513514,0.40625,0.477272727273,0.458333333333,0.477272727273,0.5,0.5,0.534482758621,0.446808510638,0.365384615385,0.536585365854,0.488888888889,0.510204081633,0.560975609756,0.442307692308,0.552631578947,0.541666666667,0.458333333333,0.519230769231,0.433962264151,0.549019607843,0.383333333333,0.428571428571,0.4375,0.482142857143,0.36170212766,0.509433962264,0.451612903226,0.474576271186,0.645833333333,0.53488372093,0.588235294118,0.479166666667,0.410256410256,0.517857142857,0.423076923077,0.439024390244,0.395833333333,0.416666666667,0.380952380952,0.523076923077,0.368421052632,0.368421052632,0.53488372093,0.536585365854,0.530612244898,0.619047619048,0.48,0.460317460317,0.425531914894,0.625,0.357142857143,0.35,0.409090909091,0.434782608696,0.512820512821,0.444444444444,0.470588235294,0.488372093023,0.45,0.594202898551,0.5,0.416666666667,0.548387096774,0.490909090909,0.444444444444,0.5,0.509090909091,0.42,0.509090909091,0.473684210526,0.4375,0.578947368421,0.538461538462,0.409090909091,0.584905660377,0.426229508197,0.620689655172,0.522388059701,0.565217391304,0.65,0.537037037037,0.490196078431,0.558823529412,0.542857142857,0.488372093023,0.433333333333,0.387755102041,0.55737704918,0.567164179104,0.551020408163,0.516129032258,0.594594594595,0.538461538462,0.612244897959,0.440677966102,0.534482758621,0.384615384615,0.557692307692,0.6,0.395833333333,0.468085106383,0.538461538462,0.454545454545,0.357142857143,0.515625,0.461538461538,0.51724137931,0.526315789474,0.4375,0.458333333333,0.465517241379,0.5,0.476923076923,0.448275862069,0.230769230769,0.555555555556,0.472727272727,0.488888888889,0.384615384615,0.448275862069,0.68085106383,0.444444444444,0.537037037037,0.53488372093,0.551020408163,0.448979591837,0.384615384615,0.576923076923,0.415094339623,0.469696969697,0.420289855072,0.431818181818,0.428571428571,0.63829787234,0.452830188679,0.652173913043,0.357142857143,0.52,0.637931034483,0.558139534884,0.458333333333,0.468085106383,0.522727272727,0.467741935484,0.574468085106,0.581818181818,0.48275862069,0.563636363636,0.525,0.5,0.56,0.470588235294,0.466666666667,0.48,0.446153846154,0.542372881356,0.604651162791,0.551724137931,0.583333333333,0.528301886792,0.538461538462,0.5,0.529411764706,0.534482758621,0.549019607843,0.472727272727,0.65,0.597014925373,0.441860465116,0.510204081633,0.4,0.490196078431,0.603448275862,0.487179487179,0.525,0.522727272727,0.434782608696,0.431034482759,0.375,0.547619047619,0.642857142857,0.586206896552,0.480769230769,0.508771929825,0.510638297872,0.5,0.5,0.577777777778,0.466666666667,0.534482758621,0.5,0.472727272727,0.416666666667,0.521739130435,0.591836734694,0.395833333333,0.464285714286,0.525,0.519230769231,0.538461538462,0.571428571429,0.472222222222,0.566666666667,0.533333333333,0.462962962963,0.46511627907,0.533333333333,0.54,0.431818181818,0.536585365854,0.5,0.533333333333,0.492957746479,0.47619047619,0.642857142857,0.607843137255,0.380952380952,0.481481481481,0.461538461538,0.529411764706,0.555555555556,0.511111111111,0.482142857143,0.577777777778,0.474576271186,0.382978723404,0.627906976744,0.613636363636,0.522727272727,0.44,0.368421052632,0.435897435897,0.456140350877,0.490909090909,0.347826086957,0.491228070175,0.477272727273,0.423076923077,0.521739130435,0.4,0.428571428571,0.490196078431,0.583333333333,0.431818181818,0.375,0.5,0.6,0.480769230769,0.65306122449,0.543859649123,0.510204081633,0.509090909091,0.507692307692,0.357142857143,0.351851851852,0.513513513514,0.510638297872,0.5,0.491525423729,0.468085106383,0.408163265306,0.428571428571,0.462962962963,0.488888888889,0.444444444444,0.433962264151,0.382978723404,0.444444444444,0.456140350877,0.333333333333,0.488888888889,0.5,0.480769230769,0.462962962963,0.551724137931,0.423076923077,0.482142857143,0.507936507937,0.43137254902,0.5,0.434782608696,0.454545454545,0.482142857143,0.560975609756,0.446808510638,0.525,0.530612244898,0.421052631579,0.51724137931,0.377358490566,0.372549019608,0.469387755102,0.56,0.571428571429,0.351851851852,0.542857142857,0.46875,0.5,0.520833333333,0.482142857143,0.483333333333,0.553191489362,0.478260869565,0.561403508772,0.56,0.614035087719,0.479166666667,0.435483870968,0.52380952381,0.44,0.518518518519,0.5,0.490566037736,0.542372881356,0.54347826087,0.418181818182,0.577777777778,0.566666666667,0.490909090909,0.382978723404,0.42,0.423076923077,0.535714285714,0.531914893617,0.444444444444,0.407407407407,0.627906976744,0.6,0.352941176471,0.440677966102,0.377358490566,0.416666666667,0.542372881356,0.409836065574,0.555555555556,0.604651162791,0.469387755102,0.477272727273,0.590909090909,0.441860465116,0.538461538462,0.571428571429,0.45652173913,0.44,0.526315789474,0.545454545455,0.43137254902,0.472727272727,0.47619047619,0.565217391304,0.42,0.6,0.428571428571,0.507936507937,0.519230769231,0.48275862069,0.573770491803,0.521739130435,0.490196078431,0.530612244898,0.661538461538,0.511627906977,0.525423728814,0.527272727273,0.450980392157,0.452830188679,0.622222222222,0.52,0.333333333333,0.41935483871,0.479166666667,0.574074074074,0.388888888889,0.492063492063,0.507936507937,0.551020408163,0.533333333333,0.40350877193,0.55,0.465517241379,0.522727272727,0.396825396825,0.490566037736,0.478873239437,0.48,0.46511627907,0.440677966102,0.5,0.514285714286,0.454545454545,0.489361702128,0.541666666667,0.529411764706,0.512820512821,0.531914893617,0.377777777778,0.487179487179,0.444444444444,0.438596491228,0.522727272727,0.526315789474,0.6,0.54347826087,0.435897435897,0.442307692308,0.470588235294,0.461538461538,0.45,0.639344262295,0.529411764706,0.5,0.464285714286,0.471698113208,0.531914893617,0.542372881356,0.529411764706,0.5625,0.533333333333,0.274509803922,0.293103448276,0.512195121951,0.519230769231,0.55,0.448979591837,0.366666666667,0.512195121951,0.560975609756,0.36170212766,0.414634146341,0.466666666667,0.585365853659,0.468085106383,0.619047619048,0.448979591837,0.573770491803,0.508771929825,0.458333333333,0.45652173913,0.615384615385,0.490196078431,0.578947368421,0.421052631579,0.469696969697,0.52,0.543859649123,0.566666666667,0.384615384615,0.43137254902,0.508196721311,0.573770491803,0.423076923077,0.538461538462,0.472727272727,0.515151515152,0.472727272727,0.609756097561,0.519230769231,0.545454545455,0.5,0.385714285714,0.389830508475,0.436363636364,0.553571428571,0.539682539683,0.512195121951,0.577777777778,0.510638297872,0.44,0.568965517241,0.590909090909,0.516666666667,0.471698113208,0.531914893617,0.591836734694,0.5,0.488888888889,0.385964912281,0.510204081633,0.584905660377,0.489795918367,0.509090909091,0.422222222222,0.65,0.610169491525,0.552631578947,0.412698412698,0.450980392157,0.471698113208,0.452830188679,0.512820512821,0.5,0.534482758621,0.489361702128,0.591836734694,0.5,0.333333333333,0.406779661017,0.448275862069,0.354166666667,0.54,0.529411764706,0.411764705882,0.463414634146,0.368421052632,0.31914893617,0.56862745098,0.632653061224,0.511111111111,0.473684210526,0.617647058824,0.521126760563,0.527777777778,0.510204081633,0.509803921569,0.59649122807,0.463414634146,0.432432432432,0.466666666667,0.589743589744,0.551020408163,0.618181818182,0.438596491228,0.5,0.558139534884,0.509090909091,0.510638297872,0.403846153846,0.491525423729,0.482142857143,0.219512195122,0.478260869565,0.466666666667,0.555555555556,0.471698113208,0.551724137931,0.485294117647,0.457142857143,0.509433962264,0.509090909091,0.489795918367,0.595744680851,0.5625,0.507246376812,0.4,0.59649122807,0.534482758621,0.620689655172,0.516129032258,0.452830188679,0.519230769231,0.351351351351,0.5,0.352941176471,0.508771929825,0.604651162791,0.614035087719,0.422535211268,0.383333333333,0.377777777778,0.463414634146,0.526315789474,0.47619047619,0.475,0.428571428571,0.489795918367,0.578125,0.467741935484,0.45652173913,0.36,0.538461538462,0.589285714286,0.478260869565,0.44,0.517857142857,0.461538461538,0.543859649123,0.466666666667,0.588235294118,0.578947368421,0.462962962963,0.547169811321,0.414634146341,0.545454545455,0.46,0.63829787234,0.571428571429,0.434782608696,0.452380952381,0.421052631579,0.558139534884,0.586956521739,0.545454545455,0.488372093023,0.426229508197,0.36,0.444444444444,0.547169811321,0.627906976744,0.490196078431,0.511627906977,0.470588235294,0.557692307692,0.525423728814,0.522727272727,0.472222222222,0.451612903226,0.442307692308,0.5,0.647058823529,0.714285714286,0.686274509804,0.473684210526,0.461538461538,0.458333333333,0.561403508772,0.510204081633,0.43137254902,0.431818181818,0.555555555556,0.63829787234,0.555555555556,0.538461538462,0.567567567568,0.446808510638,0.422222222222,0.622641509434,0.527272727273,0.489361702128,0.518518518519,0.586956521739,0.460317460317,0.38,0.55,0.613636363636,0.5,0.538461538462,0.467741935484,0.540540540541,0.454545454545,0.431034482759,0.485714285714,0.4,0.622222222222,0.422222222222,0.45652173913,0.361111111111,0.466666666667,0.489795918367,0.490196078431,0.375,0.545454545455,0.588235294118,0.390243902439,0.549019607843,0.564102564103,0.522727272727,0.466666666667,0.520833333333,0.533333333333,0.491228070175,0.52380952381,0.65306122449,0.509433962264,0.545454545455,0.55737704918,0.438596491228,0.422222222222,0.45,0.489795918367,0.574074074074,0.48,0.48275862069,0.465753424658,0.461538461538,0.560975609756,0.47619047619,0.521739130435,0.621621621622,0.628571428571,0.56862745098,0.609756097561,0.451612903226,0.540540540541,0.558139534884,0.265306122449,0.489795918367,0.553191489362,0.461538461538,0.527272727273,0.560975609756,0.425531914894,0.590909090909,0.529411764706,0.627450980392,0.52,0.509433962264,0.491228070175,0.463768115942,0.441860465116,0.571428571429,0.55,0.478260869565,0.428571428571,0.413043478261,0.396226415094,0.46875,0.378787878788,0.576923076923,0.54347826087,0.5,0.529411764706,0.479166666667,0.885714285714,0.396551724138,0.555555555556,0.490196078431,0.58064516129,0.68085106383,0.5,0.477272727273,0.520833333333,0.585365853659,0.552631578947,0.634146341463,0.553571428571,0.5625,0.522727272727,0.56862745098,0.486486486486,0.440677966102,0.526315789474,0.472727272727,0.540540540541,0.625,0.45652173913,0.45652173913,0.379310344828,0.595744680851,0.612903225806,0.538461538462,0.528301886792,0.462962962963,0.54,0.528301886792,0.534482758621,0.555555555556,0.576271186441,0.591836734694,0.615384615385,0.697674418605,0.333333333333,0.546875,0.452380952381,0.603448275862,0.454545454545,0.538461538462,0.366666666667,0.368421052632,0.363636363636,0.528301886792,0.425925925926,0.604166666667,0.472727272727,0.462962962963,0.446808510638,0.516129032258,0.489361702128,0.470588235294,0.416666666667,0.357142857143,0.477272727273,0.489795918367,0.446428571429,0.553191489362,0.434782608696,0.595744680851,0.514285714286,0.603773584906,0.415094339623,0.490196078431,0.6,0.5,0.528301886792,0.387755102041,0.468085106383,0.444444444444,0.432432432432,0.591836734694,0.508771929825,0.413043478261,0.434782608696,0.490196078431,0.444444444444,0.490566037736,0.5,0.4375,0.477272727273,0.4,0.463414634146,0.411764705882,0.578947368421,0.5,0.477272727273,0.34,0.490196078431,0.372093023256,0.529411764706,0.490566037736,0.30612244898,0.5,0.581395348837,0.592592592593,0.485714285714,0.730769230769,0.65625,0.631578947368,0.457142857143,0.564102564103,0.391304347826,0.536585365854,0.40625,0.446808510638,0.341463414634,0.4,0.610169491525,0.492063492063,0.555555555556,0.581395348837,0.566037735849,0.588235294118,0.534482758621,0.5,0.531914893617,0.413043478261,0.415094339623,0.705882352941,0.584905660377,0.577777777778,0.441860465116,0.457627118644,0.542857142857,0.446428571429,0.5,0.568965517241,0.5,0.416666666667,0.5625,0.581395348837,0.470588235294,0.418604651163,0.606060606061,0.555555555556,0.6,0.5,0.62,0.507692307692,0.54347826087,0.63829787234,0.529411764706,0.612244897959,0.549019607843,0.425531914894,0.58,0.425531914894,0.5,0.535714285714,0.564102564103,0.530612244898,0.604651162791,0.549019607843,0.568965517241,0.487804878049,0.465517241379,0.439024390244,0.611111111111,0.508474576271,0.510204081633,0.38961038961,0.393939393939,0.533333333333,0.581395348837,0.511111111111,0.588235294118,0.552631578947,0.595744680851,0.387755102041,0.490909090909,0.386363636364,0.695652173913,0.428571428571,0.535714285714,0.522727272727,0.487804878049,0.538461538462,0.490196078431,0.448979591837,0.421052631579,0.478260869565,0.55,0.423728813559,0.591836734694,0.421052631579,0.433962264151,0.534482758621,0.47619047619,0.395348837209,0.558139534884,0.46511627907,0.536585365854,0.46511627907,0.515625,0.418181818182,0.608695652174,0.393939393939,0.547619047619,0.52380952381,0.509803921569,0.351351351351,0.571428571429,0.5,0.617021276596,0.630434782609,0.481481481481,0.5,0.54347826087,0.40625,0.516129032258,0.475409836066,0.421052631579,0.642857142857,0.545454545455,0.548387096774,0.396825396825,0.490909090909,0.431034482759,0.363636363636,0.6,0.5,0.510204081633,0.489795918367,0.55,0.5,0.487179487179,0.479166666667,0.524590163934,0.619047619048,0.541666666667,0.6,0.581395348837,0.53125,0.480769230769,0.586956521739,0.52380952381,0.553571428571,0.652173913043,0.553571428571,0.611111111111,0.511627906977,0.363636363636,0.58,0.477272727273,0.548387096774,0.458333333333,0.488372093023,0.442307692308,0.621621621622,0.489795918367,0.482142857143,0.450980392157,0.549019607843,0.461538461538,0.447368421053,0.413043478261,0.530612244898,0.469387755102,0.6,0.54,0.5,0.472727272727,0.48,0.489795918367,0.384615384615,0.5,0.595238095238,0.538461538462,0.487804878049,0.541666666667,0.573770491803,0.549019607843,0.615384615385,0.703703703704,0.633333333333,0.563636363636,0.56,0.605263157895,0.481481481481,0.446808510638,0.5625,0.4375,0.473684210526,0.609756097561,0.5,0.4,0.407407407407,0.532258064516,0.347826086957,0.5,0.434782608696,0.489795918367,0.527272727273,0.592592592593,0.537037037037,0.441860465116,0.5,0.451612903226,0.384615384615,0.326923076923,0.581395348837,0.547619047619,0.552631578947,0.463414634146,0.53488372093,0.553191489362,0.58,0.512195121951,0.480769230769,0.4,0.5,0.509803921569,0.5,0.571428571429,0.475,0.44,0.459459459459,0.583333333333,0.4,0.489361702128,0.522727272727,0.558139534884,0.53488372093,0.519230769231,0.571428571429,0.45652173913,0.473684210526,0.388888888889,0.468085106383,0.5,0.5,0.472727272727,0.489361702128,0.673913043478,0.714285714286,0.581395348837,0.606060606061,0.469387755102,0.736842105263,0.627906976744,0.573529411765,0.472727272727,0.586956521739,0.590909090909,0.581818181818,0.542857142857,0.487179487179,0.527272727273,0.58,0.44,0.553846153846,0.464285714286,0.428571428571,0.363636363636,0.388888888889,0.528301886792,0.457627118644,0.478260869565,0.416666666667,0.622222222222,0.457142857143,0.54,0.571428571429,0.464285714286,0.6,0.525,0.508771929825,0.617647058824,0.46511627907,0.688888888889,0.553571428571,0.489795918367,0.341463414634,0.425,0.627450980392,0.30303030303,0.589743589744,0.58064516129,0.36,0.470588235294,0.517857142857,0.406779661017,0.432432432432,0.557692307692,0.485714285714,0.54,0.448979591837,0.627906976744,0.413043478261,0.521739130435,0.634146341463,0.634920634921,0.458333333333,0.531914893617,0.576923076923,0.46,0.536585365854,0.542372881356,0.468085106383,0.576923076923,0.608695652174,0.567164179104,0.5,0.75,0.333333333333,0.513513513514,0.446808510638,0.454545454545,0.452830188679,0.52380952381,0.51724137931,0.68,0.622222222222,0.450980392157,0.536585365854,0.32,0.52,0.517857142857,0.392156862745,0.392857142857,0.461538461538,0.512195121951,0.619047619048,0.333333333333,0.491803278689,0.729166666667,0.446428571429,0.487804878049,0.615384615385,0.487179487179,0.530612244898,0.690476190476,0.708333333333,0.413793103448,0.5,0.454545454545,0.540540540541,0.4,0.520833333333,0.410256410256,0.628571428571,0.45652173913,0.491228070175,0.593220338983,0.531914893617,0.414634146341,0.461538461538,0.588235294118,0.5,0.438596491228,0.461538461538,0.469387755102,0.388888888889,0.457142857143,0.574468085106,0.5,0.53488372093,0.477611940299,0.531914893617,0.617021276596,0.557692307692,0.583333333333,0.410714285714,0.538461538462,0.516666666667,0.487179487179,0.529411764706,0.490566037736,0.509803921569,0.403846153846,0.348837209302,0.5,0.483333333333,0.488372093023,0.394736842105,0.434782608696,0.450980392157,0.442307692308,0.464285714286,0.466666666667,0.458333333333,0.507936507937,0.45,0.475,0.527777777778,0.404761904762,0.4,0.511627906977,0.447368421053,0.434782608696,0.413793103448,0.450980392157,0.452830188679,0.5,0.42,0.563636363636,0.454545454545,0.489795918367,0.369565217391,0.452830188679,0.641025641026,0.54,0.54347826087,0.581395348837,0.479166666667,0.404761904762,0.512820512821,0.490196078431,0.534482758621,0.423076923077,0.543859649123,0.560975609756,0.535211267606,0.5,0.45652173913,0.529411764706,0.586956521739,0.518518518519,0.444444444444,0.54,0.571428571429,0.393442622951,0.5,0.549019607843,0.511111111111,0.4,0.609756097561,0.45,0.458333333333,0.518518518519,0.5,0.533333333333,0.590909090909,0.545454545455,0.5,0.557692307692,0.56,0.622641509434,0.488372093023,0.509090909091,0.342857142857,0.478260869565,0.5,0.431034482759,0.5,0.540540540541,0.520833333333,0.518518518519,0.5,0.482142857143,0.487179487179,0.409090909091,0.472222222222,0.47619047619,0.880952380952,0.428571428571,0.411764705882,0.564102564103,0.464285714286,0.433333333333,0.479166666667,0.447368421053,0.444444444444,0.47619047619,0.51724137931,0.450980392157,0.542372881356,0.567567567568,0.469387755102,0.58,0.365853658537,0.58064516129,0.512195121951,0.472727272727,0.627118644068,0.657894736842,0.473684210526,0.509433962264,0.675,0.538461538462,0.432835820896,0.48275862069,0.403846153846,0.46875,0.415094339623,0.525,0.439024390244,0.5,0.418604651163,0.349206349206,0.488372093023,0.488888888889,0.560975609756,0.527272727273,0.510204081633,0.5,0.410256410256,0.657142857143,0.4,0.477272727273,0.45,0.54347826087,0.519230769231,0.452380952381,0.472727272727,0.36170212766,0.422222222222,0.347826086957,0.421052631579,0.46,0.435483870968,0.44,0.563636363636,0.607142857143,0.519230769231,0.464285714286,0.45652173913,0.423728813559,0.657142857143,0.487179487179,0.471698113208,0.52380952381,0.466666666667,0.454545454545,0.5,0.454545454545,0.448275862069,0.727272727273,0.440677966102,0.585365853659,0.422222222222,0.634146341463,0.735294117647,0.578947368421,0.423076923077,0.514285714286,0.611940298507,0.482142857143,0.532258064516,0.489795918367,0.538461538462,0.465517241379,0.468085106383,0.462686567164,0.519230769231,0.522727272727,0.516129032258,0.617647058824,0.46875,0.515151515152,0.575757575758,0.642857142857,0.470588235294,0.490909090909,0.559322033898,0.592592592593,0.446808510638,0.516129032258,0.4,0.491228070175,0.530612244898,0.596153846154,0.508771929825,0.392857142857,0.529411764706,0.55,0.522727272727,0.452830188679,0.6,0.536585365854,0.583333333333,0.395833333333,0.469387755102,0.425531914894,0.4375,0.390243902439,0.510638297872,0.53488372093,0.446808510638,0.475,0.52380952381,0.410256410256,0.566037735849,0.533333333333,0.604651162791,0.6,0.476923076923,0.371428571429,0.512195121951,0.517857142857,0.5,0.431818181818,0.555555555556,0.421052631579,0.488372093023,0.475,0.481481481481,0.610169491525,0.611111111111,0.555555555556,0.432432432432,0.4,0.596153846154,0.442307692308,0.731707317073,0.574468085106,0.454545454545,0.642857142857,0.604651162791,0.464285714286,0.441860465116,0.530612244898,0.490909090909,0.666666666667,0.468085106383,0.592592592593,0.396226415094,0.6,0.41935483871,0.508474576271,0.326923076923,0.448275862069,0.530612244898,0.595744680851,0.425925925926,0.411764705882,0.444444444444,0.421052631579,0.52,0.666666666667,0.46,0.533333333333,0.450980392157,0.418604651163,0.481481481481,0.355555555556,0.520833333333,0.612903225806,0.357142857143,0.490196078431,0.41935483871,0.395348837209,0.363636363636,0.575,0.423076923077,0.408163265306,0.472727272727,0.416666666667,0.613636363636,0.486486486486,0.535714285714,0.559322033898,0.489795918367,0.444444444444,0.541666666667,0.5,0.536585365854,0.170731707317,0.525,0.428571428571,0.448275862069,0.490909090909,0.657894736842,0.609756097561,0.461538461538,0.541666666667,0.521739130435,0.48275862069,0.568181818182,0.513513513514,0.581818181818,0.553191489362,0.46,0.462962962963,0.561403508772,0.461538461538,0.541666666667,0.45652173913,0.372549019608,0.34693877551,0.604166666667,0.483333333333,0.491803278689,0.568181818182,0.475,0.487804878049,0.472727272727,0.431034482759,0.560975609756,0.6,0.5,0.530612244898,0.409090909091,0.418604651163,0.522727272727,0.479166666667,0.488888888889,0.568181818182,0.4,0.62962962963,0.5,0.509433962264,0.477272727273,0.583333333333,0.424242424242,0.538461538462,0.657894736842,0.42,0.516666666667,0.467741935484,0.333333333333,0.355555555556,0.529411764706,0.52380952381,0.44,0.372093023256,0.394736842105,0.275,0.407407407407,0.5,0.466666666667,0.512820512821,0.425925925926,0.529411764706,0.491803278689,0.448275862069,0.489795918367,0.52,0.469387755102,0.396226415094,0.422222222222,0.46511627907,0.617021276596,0.5,0.513513513514,0.472222222222,0.5,0.452830188679,0.757575757576,0.658536585366,0.666666666667,0.432432432432,0.595238095238,0.477272727273,0.509433962264,0.444444444444,0.487179487179,0.537037037037,0.5,0.488372093023,0.524590163934,0.482142857143,0.346153846154,0.470588235294,0.428571428571,0.43137254902,0.53488372093,0.487179487179,0.5,0.413043478261,0.404255319149,0.411764705882,0.551724137931,0.421052631579,0.5,0.615384615385,0.5,0.4375,0.560975609756,0.428571428571,0.415094339623,0.454545454545,0.404255319149,0.490566037736,0.62,0.469387755102,0.487804878049,0.508196721311,0.459016393443,0.450980392157,0.47619047619,0.627906976744,0.490566037736,0.585365853659,0.581395348837,0.422222222222,0.375,0.657142857143,0.36,0.421052631579,0.4375,0.552631578947,0.307692307692,0.577777777778,0.531914893617,0.526315789474,0.484848484848,0.508474576271,0.591836734694,0.454545454545,0.531914893617,0.470588235294,0.636363636364,0.446153846154,0.483333333333,0.5,0.428571428571,0.590163934426,0.492307692308,0.4,0.561403508772,0.708333333333,0.585365853659,0.477272727273,0.461538461538,0.5,0.473684210526,0.525,0.358974358974,0.5,0.509803921569,0.44,0.422222222222,0.553191489362,0.545454545455,0.558139534884,0.441860465116,0.382352941176,0.388888888889,0.686274509804,0.603773584906,0.46511627907,0.4,0.588235294118,0.6,0.461538461538,0.47619047619,0.408163265306,0.592592592593,0.6,0.660714285714,0.571428571429,0.369565217391,0.5,0.575757575758,0.555555555556,0.607843137255,0.63829787234,0.555555555556,0.408163265306,0.480769230769,0.491525423729,0.566037735849,0.48,0.516129032258,0.5,0.581818181818,0.470588235294,0.545454545455,0.4375,0.6,0.514285714286,0.435483870968,0.442307692308,0.4,0.489795918367,0.472727272727,0.547169811321,0.5,0.509803921569,0.553191489362,0.409090909091,0.416666666667,0.446808510638,0.5,0.54347826087,0.55,0.371428571429,0.483870967742,0.314285714286,0.45652173913,0.416666666667,0.5,0.46875,0.519230769231,0.456140350877,0.475,0.414634146341,0.533333333333,0.555555555556,0.480769230769,0.596153846154,0.527777777778,0.525,0.530612244898,0.490566037736,0.56,0.585365853659,0.568181818182,0.571428571429,0.5625,0.595744680851,0.553191489362,0.647058823529,0.510638297872,0.596153846154,0.515625,0.553191489362,0.534482758621,0.577777777778,0.416666666667,0.383333333333,0.454545454545,0.551020408163,0.486486486486,0.388888888889,0.375,0.454545454545,0.42,0.4,0.472222222222,0.513513513514,0.583333333333,0.43137254902,0.425925925926,0.472727272727,0.36170212766,0.387755102041,0.46875,0.519230769231,0.446428571429,0.4,0.54347826087,0.480769230769,0.603448275862,0.533333333333,0.652173913043,0.52380952381,0.520833333333,0.450980392157,0.466666666667,0.56862745098,0.549019607843,0.5,0.382352941176,0.586206896552,0.526315789474,0.5,0.474576271186,0.512820512821,0.510638297872,0.489361702128,0.521739130435,0.480769230769,0.477272727273,0.480769230769,0.555555555556,0.546875,0.649122807018,0.38,0.54,0.575,0.55,0.533333333333,0.475,0.357142857143,0.6,0.489361702128,0.5,0.295454545455,0.407407407407,0.5,0.666666666667,0.48,0.526315789474,0.566037735849,0.440677966102,0.46511627907,0.422222222222,0.479166666667,0.466666666667,0.545454545455,0.409090909091,0.519230769231,0.544117647059,0.469387755102,0.74358974359,0.694444444444,0.512820512821,0.571428571429,0.525,0.511627906977,0.480769230769,0.592592592593,0.625,0.586956521739,0.557692307692,0.46511627907,0.54347826087,0.488372093023,0.555555555556,0.6,0.444444444444,0.469387755102,0.555555555556,0.470588235294,0.416666666667,0.574468085106,0.523076923077,0.578947368421,0.5625,0.490566037736,0.486486486486,0.512195121951,0.474576271186,0.588235294118,0.384615384615,0.56,0.461538461538,0.704545454545,0.509803921569,0.425531914894,0.571428571429,0.517857142857,0.574468085106,0.591836734694,0.292682926829,0.557692307692,0.470588235294,0.568965517241,0.512195121951,0.644444444444,0.604166666667,0.524590163934,0.5,0.507246376812,0.458333333333,0.52,0.53488372093,0.442307692308,0.574468085106,0.529411764706,0.543859649123,0.52,0.535714285714,0.510204081633,0.442307692308,0.3,0.395833333333,0.489361702128,0.6,0.414285714286,0.462962962963,0.551020408163,0.5,0.43137254902,0.428571428571,0.5,0.540983606557,0.525423728814,0.414285714286,0.545454545455,0.450980392157,0.579710144928,0.46,0.464285714286,0.558139534884,0.418604651163,0.483870967742,0.609756097561,0.444444444444,0.44,0.593220338983,0.509803921569,0.617021276596,0.5,0.490566037736,0.424242424242,0.66,0.607843137255,0.5,0.416666666667,0.553571428571,0.620689655172,0.425531914894,0.478260869565,0.433962264151,0.7,0.545454545455,0.406779661017,0.558139534884,0.5,0.516666666667,0.619047619048,0.394736842105,0.463414634146,0.5,0.363636363636,0.421875,0.604651162791,0.45652173913,0.434782608696,0.51724137931,0.545454545455,0.555555555556,0.528301886792,0.442307692308,0.490566037736,0.411764705882,0.469387755102,0.435483870968,0.409090909091,0.547169811321,0.490909090909,0.608695652174,0.55,0.461538461538,0.520833333333,0.465517241379,0.542372881356,0.559322033898,0.594594594595,0.64,0.432835820896,0.459459459459,0.384615384615,0.480769230769,0.480769230769,0.509433962264,0.555555555556,0.45652173913,0.555555555556,0.521739130435,0.551020408163,0.558823529412,0.461538461538,0.529411764706,0.491525423729,0.422222222222,0.611111111111,0.423728813559,0.487179487179,0.555555555556,0.51724137931,0.304347826087,0.325581395349,0.488888888889,0.509090909091,0.528301886792,0.315789473684,0.546875,0.440677966102,0.444444444444,0.428571428571,0.448275862069,0.392156862745,0.404255319149,0.412698412698,0.528301886792,0.510204081633,0.586956521739,0.512195121951,0.482142857143,0.518518518519,0.593220338983,0.490909090909,0.508196721311,0.533333333333,0.483870967742,0.466666666667,0.406779661017,0.5,0.581395348837,0.53488372093,0.416666666667,0.645161290323,0.530612244898,0.411764705882,0.316666666667,0.459459459459,0.625,0.5,0.444444444444,0.428571428571,0.590909090909,0.555555555556,0.588235294118,0.466666666667,0.431818181818,0.5,0.595238095238,0.477272727273,0.479166666667,0.5,0.45652173913,0.450980392157,0.578125,0.6,0.452380952381,0.47619047619,0.588235294118,0.607843137255,0.617021276596,0.534482758621,0.404255319149,0.537037037037,0.471698113208,0.452380952381,0.46,0.5,0.511111111111,0.46511627907,0.479166666667,0.470588235294,0.391304347826,0.46511627907,0.652173913043,0.657894736842,0.469387755102,0.384615384615,0.458333333333,0.53125,0.444444444444,0.512195121951,0.488888888889,0.40625,0.612903225806,0.428571428571,0.414634146341,0.422222222222,0.9,0.42,0.511627906977,0.538461538462,0.5,0.45,0.533333333333,0.547169811321,0.409090909091,0.489361702128,0.594594594595,0.53488372093,0.511627906977,0.387755102041,0.410256410256,0.454545454545,0.412698412698,0.489361702128,0.488372093023,0.54347826087,0.704545454545,0.75,0.433333333333,0.48,0.47619047619,0.588235294118,0.56,0.590909090909,0.5625,0.491803278689,0.593220338983,0.488372093023,0.557692307692,0.511111111111,0.52380952381,0.529411764706,0.51724137931,0.652173913043,0.742857142857,0.560975609756,0.48275862069,0.465517241379,0.592592592593,0.490196078431,0.529411764706,0.480769230769,0.54347826087,0.510638297872,0.5,0.389830508475,0.403846153846,0.489361702128,0.469387755102,0.466666666667,0.305555555556,0.511111111111,0.5,0.645833333333,0.480769230769,0.568181818182,0.58064516129,0.634615384615,0.521739130435,0.5,0.436363636364,0.617647058824,0.529411764706,0.488888888889,0.480769230769,0.448979591837,0.339622641509,0.555555555556,0.5,0.56,0.42,0.458333333333,0.529411764706,0.5,0.592592592593,0.541666666667,0.542372881356,0.511627906977,0.361111111111,0.5,0.591836734694,0.622222222222,0.395348837209,0.488372093023,0.59649122807,0.447368421053,0.526315789474,0.469387755102,0.563636363636,0.525423728814,0.509803921569,0.566037735849,0.519230769231,0.363636363636,0.540983606557,0.5,0.438596491228,0.62962962963,0.325581395349,0.488372093023,0.456140350877,0.489361702128,0.444444444444,0.476923076923,0.5,0.565217391304,0.555555555556,0.56862745098,0.576923076923,0.375,0.510638297872,0.295454545455,0.387755102041,0.666666666667,0.519230769231,0.794117647059,0.564102564103,0.461538461538,0.462962962963,0.54,0.520833333333,0.551020408163,0.387755102041,0.551724137931,0.59649122807,0.590909090909,0.482142857143,0.545454545455,0.63829787234,0.512195121951,0.568181818182,0.5,0.55,0.553571428571,0.542372881356,0.555555555556,0.611111111111,0.527272727273,0.533333333333,0.666666666667,0.408163265306,0.475,0.578947368421,0.5,0.477272727273,0.413793103448,0.413043478261,0.553191489362,0.641025641026,0.589743589744,0.428571428571,0.402985074627,0.666666666667,0.566037735849,0.611111111111,0.441860465116,0.4,0.461538461538,0.490909090909,0.366666666667,0.516129032258,0.488888888889,0.418604651163,0.558139534884,0.555555555556,0.577777777778,0.3125,0.581818181818,0.608695652174,0.547169811321,0.509433962264,0.511627906977,0.613636363636,0.596153846154,0.531914893617,0.604166666667,0.509433962264,0.470588235294,0.433962264151,0.46875,0.358490566038,0.456140350877,0.463414634146,0.488888888889,0.535714285714,0.491228070175,0.462962962963,0.538461538462,0.481481481481,0.583333333333,0.526315789474,0.642857142857,0.5,0.474576271186,0.487804878049,0.586956521739,0.578947368421,0.603448275862,0.658536585366,0.567567567568,0.377358490566,0.52380952381,0.392857142857,0.533333333333,0.5,0.510204081633,0.551724137931,0.436363636364,0.472727272727,0.462962962963,0.448275862069,0.538461538462,0.636363636364,0.486486486486,0.603174603175,0.609375,0.632653061224,0.596774193548,0.450980392157,0.533333333333,0.526315789474,0.490566037736,0.625,0.552631578947,0.5625,0.446808510638,0.418604651163,0.450980392157,0.470588235294,0.354166666667,0.36170212766,0.38,0.532258064516,0.4,0.520833333333,0.466666666667,0.474576271186,0.454545454545,0.509803921569,0.586956521739,0.565217391304,0.54,0.561403508772,0.340425531915,0.52,0.464285714286,0.438596491228,0.479166666667,0.395833333333,0.392156862745,0.595744680851,0.491803278689,0.5,0.487804878049,0.41935483871,0.516129032258,0.491803278689,0.483870967742,0.454545454545,0.413043478261,0.478260869565,0.551020408163,0.62962962963,0.513513513514,0.387755102041,0.410714285714,0.425,0.5625,0.5,0.333333333333,0.634146341463,0.450980392157,0.51724137931,0.352941176471,0.452380952381,0.509090909091,0.490909090909,0.461538461538,0.510638297872,0.480769230769,0.603448275862,0.525,0.348837209302,0.555555555556,0.294117647059,0.422222222222,0.46875,0.666666666667,0.583333333333,0.4,0.440677966102,0.425,0.461538461538,0.446428571429,0.421052631579,0.512195121951,0.609756097561,0.479166666667,0.660377358491,0.552631578947,0.575,0.483333333333,0.464285714286,0.461538461538,0.648148148148,0.716981132075,0.418604651163,0.368421052632,0.45652173913,0.466666666667,0.487804878049,0.318181818182,0.454545454545,0.453125,0.553571428571,0.478260869565,0.475409836066,0.641509433962,0.608695652174,0.355555555556,0.469387755102,0.52380952381,0.272727272727,0.490566037736,0.423076923077,0.509433962264,0.390243902439,0.5,0.510638297872,0.365384615385,0.509090909091,0.530612244898,0.415094339623,0.465517241379,0.433333333333,0.58064516129,0.574468085106,0.461538461538,0.551020408163,0.468085106383,0.442307692308,0.68,0.472222222222,0.544117647059,0.577777777778,0.372093023256,0.421052631579,0.615384615385,0.520833333333,0.518518518519,0.638888888889,0.585365853659,0.557692307692,0.404761904762,0.538461538462,0.461538461538,0.432835820896,0.386363636364,0.5,0.52,0.425925925926,0.488888888889,0.472727272727,0.509433962264,0.5,0.416666666667,0.512820512821,0.418604651163,0.517857142857,0.415094339623,0.345454545455,0.471698113208,0.425531914894,0.517857142857,0.46,0.423076923077,0.490196078431,0.568181818182,0.369565217391,0.466666666667,0.375,0.526315789474,0.51724137931,0.352941176471,0.492307692308,0.485714285714,0.525,0.422222222222,0.4375,0.433962264151,0.344262295082,0.42,0.489361702128,0.47619047619,0.5,0.355555555556,0.377777777778,0.4,0.622222222222,0.512820512821,0.454545454545,0.518518518519,0.5,0.444444444444,0.551020408163,0.547619047619,0.432432432432,0.545454545455,0.490196078431,0.4,0.578947368421,0.411764705882,0.36170212766,0.459459459459,0.574468085106,0.511111111111,0.450980392157,0.45,0.444444444444,0.627906976744,0.486486486486,0.46,0.588235294118,0.466666666667,0.478260869565,0.464285714286,0.531914893617,0.45,0.454545454545,0.482142857143,0.508474576271,0.458333333333,0.543859649123,0.529411764706,0.56862745098,0.612903225806,0.588235294118,0.490909090909,0.368421052632,0.486486486486,0.52380952381,0.588235294118,0.53488372093,0.579710144928,0.606557377049,0.421052631579,0.436363636364,0.724137931034,0.520833333333,0.510638297872,0.838709677419,0.488372093023,0.529411764706,0.507692307692,0.571428571429,0.511627906977,0.520833333333,0.478260869565,0.581818181818,0.563636363636,0.473684210526,0.327586206897,0.641025641026,0.517857142857,0.566037735849,0.520547945205,0.474576271186,0.528301886792,0.566037735849,0.4,0.471698113208,0.547169811321,0.558823529412,0.606557377049,0.375,0.457627118644,0.477272727273,0.413793103448,0.595238095238,0.461538461538,0.408163265306,0.404255319149,0.574468085106,0.530612244898,0.488888888889,0.555555555556,0.591836734694,0.52,0.456140350877,0.4,0.622222222222,0.444444444444,0.451612903226,0.395348837209,0.553191489362,0.457627118644,0.38,0.386363636364,0.605263157895,0.520833333333,0.723404255319,0.756097560976,0.461538461538,0.520833333333,0.611111111111,0.520833333333,0.357142857143,0.415094339623,0.53488372093,0.621621621622,0.509803921569,0.372093023256,0.42,0.666666666667,0.363636363636,0.381818181818,0.574468085106,0.433333333333,0.6,0.522727272727,0.58,0.46,0.545454545455,0.592592592593,0.6,0.555555555556,0.58,0.4,0.285714285714,0.327272727273,0.227272727273,0.47619047619,0.509090909091,0.418181818182,0.478260869565,0.613636363636,0.5,0.377777777778,0.527272727273,0.53488372093,0.515625,0.392857142857,0.367346938776,0.4375,0.6,0.478260869565,0.418181818182,0.439024390244,0.394736842105,0.4,0.386363636364,0.510204081633,0.5,0.465517241379,0.486486486486,0.595744680851,0.517857142857,0.578125,0.56,0.5,0.4,0.444444444444,0.571428571429,0.509433962264,0.539682539683,0.592592592593,0.38,0.511111111111,0.641509433962,0.487804878049,0.434782608696,0.591836734694,0.5,0.55,0.555555555556,0.553191489362,0.488372093023,0.382352941176,0.395348837209,0.604651162791,0.542372881356,0.46511627907,0.5,0.42,0.529411764706,0.471698113208,0.53488372093,0.574468085106,0.490196078431,0.360655737705,0.5,0.510204081633,0.510638297872,0.510204081633,0.375,0.543859649123,0.5,0.47619047619,0.395833333333,0.325,0.483333333333,0.542372881356,0.55,0.540983606557,0.4,0.48,0.614035087719,0.423076923077,0.590909090909,0.666666666667,0.650793650794,0.6,0.8,0.833333333333,0.805555555556,0.848484848485,0.510638297872,0.388888888889,0.487804878049,0.605263157895,0.478260869565,0.657894736842,0.333333333333,0.591836734694,0.5,0.52380952381,0.521739130435,0.53125,0.530303030303,0.571428571429,0.619047619048,0.488372093023,0.526315789474,0.357142857143,0.470588235294,0.666666666667,0.607142857143,0.561403508772,0.555555555556,0.428571428571,0.446808510638,0.480769230769,0.477272727273,0.558823529412,0.486486486486,0.46,0.634146341463,0.519230769231,0.625,0.433962264151,0.448275862069,0.538461538462,0.666666666667,0.43137254902,0.5,0.409090909091,0.450980392157,0.555555555556,0.673469387755,0.463414634146,0.433333333333,0.589743589744,0.485294117647,0.394736842105,0.418604651163,0.527777777778,0.457142857143,0.68085106383,0.5,0.510638297872,0.434782608696,0.542857142857,0.659090909091,0.5625,0.52,0.518518518519,0.489361702128,0.539682539683,0.547619047619,0.461538461538,0.531914893617,0.5,0.644444444444,0.647058823529,0.56862745098,0.448275862069,0.526315789474,0.4,0.469387755102,0.541666666667,0.367346938776,0.5,0.530612244898,0.52,0.341463414634,0.5,0.521739130435,0.454545454545,0.483333333333,0.464285714286,0.45,0.511111111111,0.37037037037,0.47619047619,0.627906976744,0.512195121951,0.413793103448,0.46,0.478260869565,0.583333333333,0.588235294118,0.52380952381,0.448275862069,0.486486486486,0.426229508197,0.615384615385,0.484848484848,0.612903225806,0.45,0.413043478261,0.529411764706,0.590909090909,0.511111111111,0.492063492063,0.434782608696,0.468085106383,0.578947368421,0.56,0.55737704918,0.489361702128,0.595744680851,0.411764705882,0.428571428571,0.545454545455,0.549019607843,0.535714285714,0.48,0.566666666667,0.526315789474,0.491803278689,0.476923076923,0.5,0.388888888889,0.452380952381,0.529411764706,0.479166666667,0.574468085106,0.627450980392,0.618181818182,0.444444444444,0.5,0.75,0.577777777778,0.413043478261,0.368421052632,0.551020408163,0.568965517241,0.489361702128,0.461538461538,0.432432432432,0.675675675676,0.459459459459,0.559322033898,0.372093023256,0.53488372093,0.53488372093,0.531914893617,0.366666666667,0.446808510638,0.479166666667,0.641025641026,0.620689655172,0.513513513514,0.511111111111,0.510204081633,0.510638297872,0.5,0.571428571429,0.421052631579,0.423728813559,0.525,0.5,0.42,0.46,0.375,0.472727272727,0.510638297872,0.541666666667,0.6,0.591836734694,0.491525423729,0.632653061224,0.564102564103,0.627450980392,0.571428571429,0.5,0.351351351351,0.56862745098,0.411764705882,0.56862745098,0.52,0.491228070175,0.563636363636,0.563636363636,0.391304347826,0.627118644068,0.48,0.688888888889,0.450980392157,0.545454545455,0.433962264151,0.296296296296,0.5,0.627450980392,0.535714285714,0.326086956522,0.456140350877,0.551020408163,0.352941176471,0.533333333333,0.553571428571,0.510638297872,0.529411764706,0.521739130435,0.46511627907,0.588235294118,0.511111111111,0.638888888889,0.574468085106,0.510638297872,0.431818181818,0.348837209302,0.395833333333,0.5,0.5,0.522727272727,0.54,0.574074074074,0.457627118644,0.625,0.44262295082,0.407407407407,0.361111111111,0.488888888889,0.525,0.517857142857,0.409836065574,0.428571428571,0.531914893617,0.509090909091,0.569230769231,0.564516129032,0.508474576271,0.51724137931,0.604166666667,0.478260869565,0.603174603175,0.6,0.628571428571,0.5625,0.344827586207,0.528301886792,0.586956521739,0.508474576271,0.577777777778,0.657142857143,0.6875,0.581818181818,0.470588235294,0.472727272727,0.460317460317,0.540983606557,0.538461538462,0.487179487179,0.512195121951,0.555555555556,0.547619047619,0.468085106383,0.74358974359,0.409836065574,0.426229508197,0.483870967742,0.896551724138,0.636363636364,0.575757575758,0.666666666667,0.8,1.0,0.461538461538,0.575,0.525,0.511627906977,0.5,0.547619047619,0.522727272727,0.410256410256,0.452380952381,0.451612903226,0.476923076923,0.48,0.529411764706,0.5,0.491525423729,0.714285714286,0.484848484848,0.438596491228,0.489361702128,0.450980392157,0.565217391304,0.466666666667,0.571428571429,0.525,0.526315789474,0.507692307692,0.511627906977,0.512195121951,0.487179487179,0.527777777778,0.56862745098,0.462962962963,0.483870967742,0.324324324324,0.516129032258,0.536585365854,0.553191489362,0.451612903226,0.535714285714,0.620689655172,0.457627118644,0.464285714286,0.467741935484,0.433962264151,0.521739130435,0.603773584906,0.509090909091,0.452380952381,0.509433962264,0.549019607843,0.527272727273,0.534482758621,0.510638297872,0.4375,0.6,0.530612244898,0.461538461538,0.472727272727,0.44,0.416666666667,0.451612903226,0.5,0.362068965517,0.547619047619,0.478260869565,0.55,0.388888888889,0.438596491228,0.508474576271,0.576923076923,0.375,0.425925925926,0.408163265306,0.454545454545,0.538461538462,0.489795918367,0.468085106383,0.509433962264,0.441860465116,0.5,0.555555555556,0.51724137931,0.46875,0.439024390244,0.461538461538,0.433962264151,0.605263157895,0.479166666667,0.648148148148,0.609756097561,0.644444444444,0.622222222222,0.678571428571,0.833333333333,0.619047619048,0.5,0.509803921569,0.5,0.56,0.43661971831,0.528301886792,0.609756097561,0.525,0.606060606061,0.535714285714,0.350877192982,0.393939393939,0.520833333333,0.536585365854,0.5,0.472727272727,0.55,0.56,0.558139534884,0.553191489362,0.510204081633,0.508771929825,0.438596491228,0.450980392157,0.466666666667,0.466666666667,0.58,0.404761904762,0.491228070175,0.536585365854,0.5,0.588235294118,0.479166666667,0.62962962963,0.551020408163,0.530612244898,0.537037037037,0.5,0.469696969697,0.478260869565,0.413043478261,0.492063492063,0.530612244898,0.521739130435,0.490566037736,0.53488372093,0.34,0.72,0.441176470588,0.435483870968,0.526315789474,0.56,0.478260869565,0.558139534884,0.489795918367,0.489795918367,0.441860465116,0.625,0.5,0.5625,0.477272727273,0.487179487179,0.638888888889,0.604651162791,0.54,0.421875,0.613636363636,0.46511627907,0.586956521739,0.428571428571,0.408163265306,0.588235294118,0.47619047619,0.603448275862,0.490566037736,0.524590163934,0.421052631579,0.362068965517,0.404255319149,0.466666666667,0.411764705882,0.447368421053,0.53488372093,0.531914893617,0.618181818182,0.642857142857,0.5,0.483333333333,0.567567567568,0.458333333333,0.377777777778,0.5,0.555555555556,0.48275862069,0.384615384615,0.588235294118,0.616666666667,0.481481481481,0.395348837209,0.603773584906,0.475409836066,0.560606060606,0.472222222222,0.527777777778,0.538461538462,0.625,0.434782608696,0.46,0.413043478261,0.48275862069,0.5,0.552631578947,0.488372093023,0.6,0.411764705882,0.528301886792,0.442307692308,0.391304347826,0.575,0.431818181818,0.5,0.509090909091,0.54,0.447368421053,0.473684210526,0.54347826087,0.404761904762,0.612244897959,0.632653061224,0.472727272727,0.488888888889,0.545454545455,0.377358490566,0.592592592593,0.454545454545,0.568181818182,0.483333333333,0.351351351351,0.491525423729,0.409090909091,0.56,0.589743589744,0.526315789474,0.333333333333,0.391304347826,0.511111111111,0.448275862069,0.5,0.589285714286,0.451612903226,0.512195121951,0.5,0.431034482759,0.508771929825,0.371428571429,0.583333333333,0.472727272727,0.571428571429,0.552631578947,0.537037037037,0.647058823529,0.626865671642,0.58064516129,0.515151515152,0.422222222222,0.490909090909,0.538461538462,0.5,0.461538461538,0.490196078431,0.557692307692,0.479166666667,0.633333333333,0.666666666667,0.516129032258,0.460317460317,0.622641509434,0.5,0.543859649123,0.479166666667,0.508771929825,0.489795918367,0.448275862069,0.446428571429,0.548387096774,0.432432432432,0.395833333333,0.611940298507,0.620689655172,0.392857142857,0.369565217391,0.431818181818,0.43137254902,0.5,0.558139534884,0.486486486486,0.435897435897,0.357142857143,0.533333333333,0.546875,0.632653061224,0.607843137255,0.59649122807,0.642857142857,0.5,0.536585365854,0.45652173913,0.545454545455,0.5,0.433333333333,0.524590163934,0.5,0.5,0.56,0.558139534884,0.486486486486,0.5,0.471698113208,0.5,0.615384615385,0.509433962264,0.395348837209,0.509090909091,0.413793103448,0.46875,0.425,0.63829787234,0.485294117647,0.648648648649,0.565217391304,0.508771929825,0.528301886792,0.472727272727,0.475,0.476923076923,0.590909090909,0.634920634921,0.641509433962,0.609756097561,0.63829787234,0.46511627907,0.490566037736,0.410714285714,0.423076923077,0.508771929825,0.527777777778,0.511111111111,0.387755102041,0.357142857143,0.590909090909,0.444444444444,0.530612244898,0.491803278689,0.446808510638,0.490196078431,0.5,0.571428571429,0.617021276596,0.717948717949,0.547619047619,0.557142857143,0.582089552239,0.582089552239,0.549019607843,0.530612244898,0.551724137931,0.507692307692,0.5,0.633333333333,0.5,0.528301886792,0.528301886792,0.468085106383,0.52,0.6,0.354838709677,0.45652173913,0.441176470588,0.448979591837,0.446808510638,0.5,0.514285714286,0.522727272727,0.584905660377,0.409090909091,0.525,0.536585365854,0.5,0.555555555556,0.560975609756,0.5625,0.548387096774,0.592592592593,0.489795918367,0.384615384615,0.45652173913,0.613636363636,0.425531914894,0.44,0.682926829268,0.62,0.5,0.571428571429,0.490566037736,0.4,0.492537313433,0.388888888889,0.457627118644,0.3125,0.482142857143,0.440677966102,0.459016393443,0.484375,0.413793103448,0.555555555556,0.510204081633,0.595744680851,0.425,0.423076923077,0.5625,0.529411764706,0.6,0.463414634146,0.426229508197,0.595238095238,0.457142857143,0.525,0.363636363636,0.396226415094,0.477611940299,0.535714285714,0.521739130435,0.422222222222,0.538461538462,0.525,0.5625,0.435897435897,0.568965517241,0.4,0.448979591837,0.434782608696,0.581395348837,0.5,0.511627906977,0.375,0.477611940299,0.433962264151,0.368421052632,0.564102564103,0.444444444444,0.357142857143,0.575,0.509090909091,0.529411764706,0.604166666667,0.5,0.653846153846,0.4,0.27027027027,0.435897435897,0.625,0.608695652174,0.547619047619,0.510204081633,0.453125,0.56862745098,0.557692307692,0.508474576271,0.545454545455,0.409090909091,0.45652173913,0.466666666667,0.5,0.545454545455,0.625,0.5,0.529411764706,0.488372093023,0.45,0.452380952381,0.333333333333,0.487179487179,0.32,0.666666666667,0.458333333333,0.511627906977,0.610169491525,0.4375,0.408163265306,0.486486486486,0.452830188679,0.576923076923,0.547619047619,0.518518518519,0.625,0.577777777778,0.526315789474,0.474576271186,0.510638297872,0.484375,0.563636363636,0.625,0.38,0.340425531915,0.459459459459,0.396825396825,0.369230769231,0.538461538462,0.522727272727,0.413793103448,0.478260869565,0.567567567568,0.477272727273,0.5,0.489795918367,0.603773584906,0.5,0.630434782609,0.519230769231,0.510638297872,0.418604651163,0.473684210526,0.38,0.372549019608,0.595238095238,0.365384615385,0.431034482759,0.530612244898,0.594594594595,0.56862745098,0.488372093023,0.454545454545,0.513513513514,0.433962264151,0.47619047619,0.607142857143,0.564102564103,0.489361702128,0.354166666667,0.531914893617,0.416666666667,0.475,0.372549019608,0.404761904762,0.444444444444,0.355555555556,0.44262295082,0.425925925926,0.56862745098,0.5,0.473684210526,0.468085106383,0.543859649123,0.382978723404,0.42,0.454545454545,0.48275862069,0.560975609756,0.529411764706,0.406779661017,0.536585365854,0.448275862069,0.367346938776,0.416666666667,0.487179487179,0.627450980392,0.581395348837,0.520833333333,0.541666666667,0.620689655172,0.615384615385,0.617021276596,0.479166666667,0.462962962963,0.549019607843,0.555555555556,0.52,0.491525423729,0.5,0.51724137931,0.530612244898,0.454545454545,0.611111111111,0.519230769231,0.45652173913,0.645833333333,0.509803921569,0.536585365854,0.517857142857,0.51724137931,0.425531914894,0.552631578947,0.442307692308,0.692307692308,0.5,0.395348837209,0.568181818182,0.54347826087,0.589285714286,0.382978723404,0.555555555556,0.472222222222,0.464285714286,0.606557377049,0.454545454545,0.530612244898,0.404761904762,0.46,0.6,0.436363636364,0.547169811321,0.487804878049,0.448275862069,0.436363636364,0.591836734694,0.533333333333,0.392857142857,0.55,0.491803278689,0.536585365854,0.533333333333,0.444444444444,0.367346938776,0.485714285714,0.59375,0.385964912281,0.540540540541,0.764705882353,0.452380952381,0.447368421053,0.651162790698,0.464285714286,0.438596491228,0.433962264151,0.514285714286,0.428571428571,0.552631578947,0.487179487179,0.533333333333,0.405405405405,0.510638297872,0.5,0.565217391304,0.545454545455,0.537037037037,0.644444444444,0.585365853659,0.578947368421,0.470588235294,0.58,0.547169811321,0.407407407407,0.375,0.553191489362,0.372093023256,0.531914893617,0.571428571429,0.439024390244,0.560975609756,0.551020408163,0.545454545455,0.461538461538,0.538461538462,0.489795918367,0.487804878049,0.583333333333,0.521739130435,0.538461538462,0.464285714286,0.52,0.380952380952,0.48275862069,0.51724137931,0.547169811321,0.4375,0.510204081633,0.5,0.440677966102,0.590909090909,0.5,0.479166666667,0.595744680851,0.450980392157,0.481481481481,0.558823529412,0.48,0.575,0.521739130435,0.574074074074,0.508771929825,0.5,0.479166666667,0.473684210526,0.324324324324,0.584905660377,0.625,0.468085106383,0.62,0.608695652174,0.56,0.490196078431,0.675675675676,0.914285714286,0.4375,0.466666666667,0.45,0.392857142857,0.571428571429,0.571428571429,0.627906976744,0.428571428571,0.617021276596,0.517857142857,0.526315789474,0.436363636364,0.525423728814,0.574074074074,0.527272727273,0.5,0.5,0.516129032258,0.520833333333,0.413043478261,0.386363636364,0.636363636364,0.46,0.439024390244,0.4375,0.413043478261,0.583333333333,0.386363636364,0.5,0.448275862069,0.543859649123,0.415094339623,0.486486486486,0.369565217391,0.388888888889,0.530612244898,0.647058823529,0.486486486486,0.473684210526,0.510204081633,0.450980392157,0.614035087719,0.387755102041,0.523076923077,0.5,0.53488372093,0.490196078431,0.45652173913,0.568181818182,0.421052631579,0.362068965517,0.410256410256,0.274509803922,0.490196078431,0.350877192982,0.571428571429,0.470588235294,0.451612903226,0.509433962264,0.604166666667,0.428571428571,0.380952380952,0.452380952381,0.428571428571,0.521739130435,0.622641509434,0.642857142857,0.613636363636,0.591836734694,0.581395348837,0.464285714286,0.5,0.46511627907,0.533333333333,0.388888888889,0.5,0.454545454545,0.477272727273,0.42,0.549019607843,0.5,0.387096774194,0.529411764706,0.4,0.533333333333,0.487804878049,0.530612244898,0.388888888889,0.516129032258,0.456140350877,0.566037735849,0.56,0.452830188679,0.557692307692,0.472727272727,0.489795918367,0.490196078431,0.527777777778,0.529411764706,0.65625,0.439024390244,0.625,0.56,0.441860465116,0.428571428571,0.47619047619,0.407407407407,0.454545454545,0.473684210526,0.636363636364,0.428571428571,0.446808510638,0.578947368421,0.425925925926,0.5,0.446808510638,0.428571428571,0.474576271186,0.51724137931,0.423728813559,0.428571428571,0.473684210526,0.444444444444,0.525,0.521739130435,0.452830188679,0.627450980392,0.488888888889,0.586956521739,0.421875,0.363636363636,0.446808510638,0.531914893617,0.396551724138,0.527777777778,0.471698113208,0.583333333333,0.5,0.632653061224,0.509090909091,0.6,0.583333333333,0.425,0.458333333333,0.568181818182,0.510638297872,0.522388059701,0.447368421053,0.555555555556,0.5,0.518518518519,0.5,0.475409836066,0.576923076923,0.54347826087,0.621621621622,0.490566037736,0.590909090909,0.585365853659,0.555555555556,0.509803921569,0.538461538462,0.547169811321,0.526315789474,0.418604651163,0.302325581395,0.609756097561,0.42,0.458333333333,0.518518518519,0.4,0.367346938776,0.509803921569,0.346153846154,0.524590163934,0.521739130435,0.395348837209,0.428571428571,0.525,0.4,0.428571428571,0.547169811321,0.519230769231,0.595238095238,0.387096774194,0.346153846154,0.45,0.480769230769,0.693548387097,0.395833333333,0.622222222222,0.441176470588,0.5,0.5,0.4,0.543859649123,0.523076923077,0.44262295082,0.470588235294,0.596774193548,0.5,0.477272727273,0.470588235294,0.54347826087,0.467741935484,0.358490566038,0.454545454545,0.470588235294,0.62,0.333333333333,0.666666666667,0.489795918367,0.464285714286,0.490909090909,0.460317460317,0.436363636364,0.406779661017,0.410714285714,0.510638297872,0.527272727273,0.558139534884,0.325581395349,0.428571428571,0.370967741935,0.454545454545,0.606060606061,0.5,0.477611940299,0.571428571429,0.525,0.488888888889,0.5,0.394736842105,0.4,0.592592592593,0.449275362319,0.509090909091,0.428571428571,0.620689655172,0.346153846154,0.547169811321,0.5,0.56,0.553191489362,0.612244897959,0.5,0.595238095238,0.485714285714,0.615384615385,0.439024390244,0.375,0.454545454545,0.527777777778,0.607142857143,0.509433962264,0.487804878049,0.468085106383,0.487179487179,0.358490566038,0.442307692308,0.52,0.5,0.4,0.5,0.513513513514,0.477272727273,0.566037735849,0.5,0.521739130435,0.596153846154,0.4,0.526315789474,0.549019607843,0.6,0.45,0.488888888889,0.5,0.538461538462,0.428571428571,0.475,0.615384615385,0.511627906977,0.605263157895,0.543859649123,0.478260869565,0.444444444444,0.527272727273,0.529411764706,0.428571428571,0.457142857143,0.565217391304,0.340425531915,0.621621621622,0.507246376812,0.539682539683,0.474576271186,0.679245283019,0.516666666667,0.555555555556,0.365853658537,0.392857142857,0.5,0.5,0.46875,0.45,0.481481481481,0.48,0.54347826087,0.5,0.551020408163,0.5,0.472727272727,0.590909090909,0.489795918367,0.592592592593,0.407407407407,0.589285714286,0.521739130435,0.387096774194,0.453125,0.491803278689,0.416666666667,0.555555555556,0.535714285714,0.68085106383,0.403846153846,0.66,0.526315789474,0.582089552239,0.512195121951,0.488888888889,0.547619047619,0.588235294118,0.438596491228,0.525,0.6,0.630434782609,0.431034482759,0.359375,0.538461538462,0.534482758621,0.529411764706,0.457142857143,0.568965517241,0.422222222222,0.590909090909,0.45,0.545454545455,0.6,0.568181818182,0.509803921569,0.52,0.530612244898,0.608695652174,0.5,0.560606060606,0.435483870968,0.5,0.473684210526,0.533333333333,0.46511627907,0.634615384615,0.648148148148,0.441860465116,0.58,0.423728813559,0.541666666667,0.458333333333,0.377777777778,0.428571428571,0.452380952381,0.587301587302,0.549019607843,0.575,0.666666666667,0.362068965517,0.577777777778,0.5,0.545454545455,0.516666666667,0.45652173913,0.372549019608,0.45652173913,0.595238095238,0.416666666667,0.5,0.456140350877,0.348837209302,0.486486486486,0.46875,0.588235294118,0.58,0.516129032258,0.5,0.326086956522,0.576923076923,0.508771929825,0.528301886792,0.571428571429,0.468085106383,0.511111111111,0.5,0.510638297872,0.425,0.4,0.531914893617,0.519230769231,0.531914893617,0.581081081081,0.508771929825,0.46511627907,0.479166666667,0.659090909091,0.610169491525,0.603773584906,0.571428571429,0.516129032258,0.488888888889,0.491525423729,0.48,0.444444444444,0.571428571429,0.526315789474,0.565217391304,0.552631578947,0.591836734694,0.452380952381,0.5,0.527272727273,0.46875,0.555555555556,0.558823529412,0.434782608696,0.409090909091,0.41935483871,0.433962264151,0.462962962963,0.464285714286,0.447368421053,0.428571428571,0.407407407407,0.549019607843,0.35,0.660714285714,0.491228070175,0.448275862069,0.565217391304,0.448979591837,0.404255319149,0.520833333333,0.538461538462,0.54347826087,0.388888888889,0.490196078431,0.561403508772,0.472727272727,0.42,0.586956521739,0.480769230769,0.472222222222,0.472222222222,0.5,0.586206896552,0.552631578947,0.454545454545,0.46511627907,0.56,0.45,0.483333333333,0.516666666667,0.508771929825,0.438596491228,0.666666666667,0.466666666667,0.641791044776,0.490909090909,0.555555555556,0.484375,0.604166666667,0.551020408163,0.47619047619,0.576271186441,0.456140350877,0.392156862745,0.375,0.409090909091,0.473684210526,0.69696969697,0.571428571429,0.463414634146,0.5,0.583333333333,0.468085106383,0.384615384615,0.52,0.530612244898,0.6,0.5,0.511627906977,0.372093023256,0.379310344828,0.485714285714,0.595744680851,0.471698113208,0.516129032258,0.507936507937,0.428571428571,0.576271186441,0.588235294118,0.568181818182,0.5,0.627906976744,0.479166666667,0.459016393443,0.530612244898,0.553846153846,0.576923076923,0.441860465116,0.531914893617,0.466666666667,0.56,0.46,0.44262295082,0.361111111111,0.520833333333,0.555555555556,0.545454545455,0.5625,0.451612903226,0.5,0.46511627907,0.47619047619,0.438596491228,0.444444444444,0.575,0.457627118644,0.571428571429,0.547169811321,0.51724137931,0.509803921569,0.488372093023,0.392857142857,0.477272727273,0.567567567568,0.583333333333,0.446808510638,0.489361702128,0.581395348837,0.47619047619,0.567567567568,0.428571428571,0.5,0.372549019608,0.563636363636,0.471698113208,0.490566037736,0.58,0.448979591837,0.53488372093,0.428571428571,0.414634146341,0.357142857143,0.361111111111,0.511111111111,0.55737704918,0.4375,0.46511627907,0.641025641026,0.609756097561,0.603773584906,0.547169811321,0.528301886792,0.355555555556,0.428571428571,0.568181818182,0.434782608696,0.46,0.586956521739,0.634615384615,0.428571428571,0.577777777778,0.608695652174,0.488372093023,0.571428571429,0.571428571429,0.6,0.434782608696,0.533333333333,0.5625,0.482142857143,0.660714285714,0.627450980392,0.458333333333,0.425531914894,0.452380952381,0.513513513514,0.631578947368,0.463414634146,0.627906976744,0.636363636364,0.474576271186,0.423728813559,0.549019607843,0.571428571429,0.520833333333,0.405405405405,0.578947368421,0.6,0.518518518519,0.58,0.539682539683,0.558139534884,0.43137254902,0.428571428571,0.422222222222,0.458333333333,0.533333333333,0.520833333333,0.529411764706,0.508474576271,0.409090909091,0.47619047619,0.510204081633,0.462962962963,0.6,0.48275862069,0.480769230769,0.461538461538,0.519230769231,0.490196078431,0.5,0.410714285714,0.6,0.529411764706,0.636363636364,0.441176470588,0.4375,0.53125,0.393442622951,0.52,0.574468085106,0.38,0.52,0.625,0.418604651163,0.490566037736,0.423076923077,0.387755102041,0.5,0.528301886792,0.5,0.459016393443,0.426229508197,0.462962962963,0.415384615385,0.382352941176,0.46511627907,0.486486486486,0.583333333333,0.54347826087,0.551020408163,0.4375,0.526315789474,0.558139534884,0.490196078431,0.606060606061,0.439024390244,0.487179487179,0.611111111111,0.487179487179,0.488372093023,0.568181818182,0.558139534884,0.510204081633,0.558823529412,0.52380952381,0.5625,0.5,0.478260869565,0.558139534884,0.607843137255,0.516666666667,0.510638297872,0.520833333333,0.45652173913,0.522727272727,0.551020408163,0.404255319149,0.409090909091,0.414634146341,0.533333333333,0.528301886792,0.55,0.528301886792,0.54,0.468085106383,0.403846153846,0.53125,0.605263157895,0.489361702128,0.5,0.461538461538,0.37037037037,0.327272727273,0.538461538462,0.529411764706,0.438596491228,0.564102564103,0.731707317073,0.528301886792,0.490909090909,0.472727272727,0.471698113208,0.462962962963,0.533333333333,0.510204081633,0.555555555556,0.458333333333,0.475,0.377777777778,0.470588235294,0.690476190476,0.59375,0.466666666667,0.511627906977,0.435897435897,0.45,0.613636363636,0.382978723404,0.369565217391,0.435897435897,0.5,0.648648648649,0.586956521739,0.470588235294,0.509433962264,0.661538461538,0.553191489362,0.5,0.586956521739,0.416666666667,0.464285714286,0.509433962264,0.425,0.431818181818,0.526315789474,0.542857142857,0.727272727273,0.571428571429,0.462962962963,0.46,0.479166666667,0.511111111111,0.511627906977,0.5,0.38,0.54,0.527272727273,0.422222222222,0.480769230769,0.560975609756,0.545454545455,0.636363636364,0.454545454545,0.528301886792,0.470588235294,0.5,0.411764705882,0.469387755102,0.458333333333,0.35,0.6,0.473684210526,0.447368421053,0.421052631579,0.489795918367,0.625,0.592592592593,0.552631578947,0.611111111111,0.566037735849,0.609756097561,0.522727272727,0.551020408163,0.436363636364,0.509090909091,0.533333333333,0.520833333333,0.675,0.625,0.535714285714,0.620689655172,0.583333333333,0.627118644068,0.396551724138,0.56862745098,0.411764705882,0.590909090909,0.517857142857,0.441860465116,0.423728813559,0.459459459459,0.446808510638,0.357142857143,0.459016393443,0.435897435897,0.473684210526,0.548387096774,0.657894736842,0.594594594595,0.52380952381,0.416666666667,0.615384615385,0.480769230769,0.480769230769,0.519230769231,0.666666666667,0.542372881356,0.481481481481,0.611111111111,0.540540540541,0.485714285714,0.589743589744,0.560606060606,0.488888888889,0.489795918367,0.433962264151,0.58,0.581818181818,0.568965517241,0.468085106383,0.533333333333,0.617021276596,0.559322033898,0.581818181818,0.45652173913,0.489795918367,0.470588235294,0.448979591837,0.545454545455,0.391304347826,0.575,0.536585365854,0.516129032258,0.441860465116,0.5625,0.446428571429,0.478260869565,0.456140350877,0.478260869565,0.605263157895,0.577777777778,0.5,0.488888888889,0.52,0.488888888889,0.682926829268,0.42,0.574468085106,0.575,0.560975609756,0.454545454545,0.333333333333,0.571428571429,0.46511627907,0.711111111111,0.510638297872,0.480769230769,0.404761904762,0.566037735849,0.466666666667,0.425531914894,0.564102564103,0.512195121951,0.577777777778,0.317073170732,0.386363636364,0.509433962264,0.553846153846,0.5,0.521739130435,0.538461538462,0.512195121951,0.521739130435,0.490196078431,0.490566037736,0.416666666667,0.458333333333,0.469387755102,0.48,0.478260869565,0.604651162791,0.58064516129,0.578125,0.571428571429,0.395833333333,0.5,0.473684210526,0.634146341463,0.486486486486,0.53125,0.468085106383,0.468085106383,0.531914893617,0.605263157895,0.604651162791,0.586956521739,0.714285714286,0.5,0.659574468085,0.62,0.787878787879,0.434782608696,0.473684210526,0.433962264151,0.583333333333,0.755102040816,0.479166666667,0.540540540541,0.538461538462,0.512195121951,0.527272727273,0.575,0.534482758621,0.488372093023,0.440677966102,0.45,0.452830188679,0.653846153846,0.54,0.425531914894,0.487804878049,0.4,0.56,0.549019607843,0.565217391304,0.553846153846,0.565217391304,0.54,0.46,0.416666666667,0.5625,0.404761904762,0.509803921569,0.47619047619,0.512820512821,0.358490566038,0.611111111111,0.351851851852,0.565217391304,0.450980392157,0.65,0.470588235294,0.533333333333,0.52,0.577777777778,0.549019607843,0.603448275862,0.393442622951,0.6,0.5,0.444444444444,0.775,0.475409836066,0.383333333333,0.576923076923,0.512820512821,0.5,0.545454545455,0.62962962963,0.533333333333,0.48,0.547619047619,0.512195121951,0.69387755102,0.452380952381,0.551020408163,0.571428571429,0.462962962963,0.5,0.540983606557,0.573529411765,0.577777777778,0.48275862069,0.508474576271,0.465517241379,0.375,0.5625,0.553846153846,0.525423728814,0.472727272727,0.471698113208,0.425925925926,0.534482758621,0.389830508475,0.484375,0.532258064516,0.489361702128,0.597014925373,0.531914893617,0.63829787234,0.44,0.5,0.342857142857,0.565217391304,0.571428571429,0.533333333333,0.617021276596,0.469387755102,0.571428571429,0.472727272727,0.537037037037,0.566037735849,0.387755102041,0.472222222222,0.518518518519,0.619047619048,0.644444444444,0.590909090909,0.522727272727,0.473684210526,0.54347826087,0.469387755102,0.5625,0.5,0.531914893617,0.5,0.392156862745,0.487804878049,0.578947368421,0.584905660377,0.589285714286,0.56862745098,0.541666666667,0.482142857143,0.514285714286,0.418604651163,0.466666666667,0.509433962264,0.448979591837,0.5,0.384615384615,0.590909090909,0.488888888889,0.454545454545,0.577777777778,0.384615384615,0.547619047619,0.524590163934,0.454545454545,0.45652173913,0.6,0.486486486486,0.490196078431,0.507692307692,0.434782608696,0.490196078431,0.46,0.537037037037,0.407407407407,0.426229508197,0.607843137255,0.63768115942,0.641791044776,0.591836734694,0.566037735849,0.469387755102,0.528301886792,0.632653061224,0.571428571429,0.5,0.444444444444,0.457627118644,0.428571428571,0.4,0.58,0.5,0.553191489362,0.535714285714,0.434782608696,0.530612244898,0.555555555556,0.606060606061,0.432432432432,0.487179487179,0.529411764706,0.567567567568,0.612244897959,0.484848484848,0.542857142857,0.404761904762,0.454545454545,0.483870967742,0.555555555556,0.441860465116,0.6,0.509433962264,0.55,0.434782608696,0.571428571429,0.666666666667,0.45,0.533333333333,0.408163265306,0.407407407407,0.510638297872,0.549019607843,0.441860465116,0.444444444444,0.566666666667,0.428571428571,0.625,0.583333333333,0.613636363636,0.488888888889,0.636363636364,0.525,0.666666666667,0.571428571429,0.5,0.538461538462,0.511111111111,0.461538461538,0.509803921569,0.5,0.531914893617,0.630434782609,0.458333333333,0.43137254902,0.431818181818,0.493670886076,0.6,0.5,0.5,0.384615384615,0.404255319149,0.464285714286,0.636363636364,0.54,0.340425531915,0.360655737705,0.448979591837,0.491228070175,0.576923076923,0.51724137931,0.590909090909,0.577777777778,0.5,0.415094339623,0.393939393939,0.622222222222,0.471698113208,0.377777777778,0.46,0.452380952381,0.5,0.382978723404,0.4,0.511111111111,0.35,0.482142857143,0.461538461538,0.469387755102,0.396226415094,0.450980392157,0.576923076923,0.439024390244,0.444444444444,0.473684210526,0.473684210526,0.512820512821,0.540540540541,0.487179487179,0.558139534884,0.46875,0.5,0.490909090909,0.557692307692,0.490909090909,0.5,0.46511627907,0.395833333333,0.477272727273,0.530612244898,0.426229508197,0.58064516129,0.5,0.490196078431,0.482142857143,0.609375,0.5,0.557692307692,0.484848484848,0.509090909091,0.541666666667,0.657894736842,0.577777777778,0.583333333333,0.522727272727,0.530612244898,0.512820512821,0.606060606061,0.609756097561,0.589743589744,0.488888888889,0.5,0.46511627907,0.5,0.511111111111,0.474576271186,0.508474576271,0.560606060606,0.510204081633,0.428571428571,0.475,0.4,0.510638297872,0.5,0.490196078431,0.255813953488,0.268292682927,0.475409836066,0.615384615385,0.55,0.526315789474,0.54,0.452380952381,0.487804878049,0.571428571429,0.551020408163,0.622641509434,0.45,0.454545454545,0.66,0.553571428571,0.555555555556,0.547619047619,0.440677966102,0.426470588235,0.666666666667,0.535714285714,0.412698412698,0.510638297872,0.511111111111,0.46,0.590909090909,0.58,0.477272727273,0.533333333333,0.387096774194,0.478260869565,0.53125,0.542857142857,0.4,0.428571428571,0.5,0.512820512821,0.344827586207,0.487804878049,0.470588235294,0.534482758621,0.454545454545,0.456140350877,0.530612244898,0.717948717949,0.477272727273,0.509433962264,0.62962962963,0.649122807018,0.5,0.435897435897,0.517857142857,0.571428571429,0.631578947368,0.511111111111,0.392156862745,0.4,0.368421052632,0.473684210526,0.458333333333,0.581395348837,0.685185185185,0.705882352941,0.666666666667,0.55,0.589743589744,0.5,0.393939393939,0.428571428571,0.444444444444,0.46511627907,0.529411764706,0.482142857143,0.395833333333,0.538461538462,0.51724137931,0.48,0.510204081633,0.5,0.581818181818,0.516666666667,0.492063492063,0.528301886792,0.621621621622,0.611111111111,0.638888888889,0.545454545455,0.444444444444,0.444444444444,0.489795918367,0.542372881356,0.434782608696,0.565217391304,0.447368421053,0.536585365854,0.619047619048,0.47619047619,0.538461538462,0.571428571429,0.658536585366,0.527272727273,0.518518518519,0.5,0.628571428571,0.512820512821,0.5,0.586956521739,0.551020408163,0.511111111111,0.459459459459,0.46875,0.382978723404,0.462962962963,0.645833333333,0.628571428571,0.602941176471,0.510204081633,0.432432432432,0.5,0.557692307692,0.48275862069,0.53125,0.355555555556,0.5,0.54347826087,0.553191489362,0.553191489362,0.472222222222,0.4,0.5625,0.4,0.371428571429,0.477272727273,0.553571428571,0.550724637681,0.534482758621,0.4,0.612244897959,0.525,0.526315789474,0.5,0.519230769231,0.487804878049,0.54,0.450980392157,0.606060606061,0.571428571429,0.425,0.575757575758,0.415094339623,0.44,0.3125,0.5,0.628571428571,0.540983606557,0.658536585366,0.466666666667,0.489361702128,0.396825396825,0.511627906977,0.627450980392,0.509803921569,0.6875,0.647058823529,0.589743589744,0.575,0.457142857143,0.32,0.479166666667,0.52380952381,0.642857142857,0.604651162791,0.486486486486,0.435897435897,0.515151515152,0.424242424242,0.634146341463,0.6,0.541666666667,0.52,0.560975609756,0.363636363636,0.478260869565,0.491525423729,0.488888888889,0.489795918367,0.461538461538,0.333333333333,0.487804878049,0.511111111111,0.3,0.428571428571,0.527777777778,0.484848484848,0.463414634146,0.571428571429,0.479166666667,0.471698113208,0.471698113208,0.481481481481,0.386363636364,0.545454545455,0.578947368421,0.459459459459,0.46875,0.448275862069,0.552631578947,0.526315789474,0.612244897959,0.52380952381,0.489795918367,0.425531914894,0.55737704918,0.507936507937,0.488888888889,0.452830188679,0.491228070175,0.509090909091,0.508771929825,0.5,0.469387755102,0.479166666667,0.488888888889,0.52,0.543859649123,0.587301587302,0.5625,0.444444444444,0.53488372093,0.404255319149,0.526315789474,0.5625,0.547169811321,0.566037735849,0.563636363636,0.479166666667,0.470588235294,0.490196078431,0.509803921569,0.491525423729,0.446428571429,0.4375,0.510638297872,0.521739130435,0.547619047619,0.575,0.594594594595,0.532258064516,0.509433962264,0.5,0.510204081633,0.53488372093,0.54347826087,0.423076923077,0.586956521739,0.393939393939,0.568181818182,0.709677419355,0.703703703704,0.5625,0.48275862069,0.59375,0.51724137931,0.652173913043,0.469387755102,0.465517241379,0.508474576271,0.516666666667,0.44,0.410256410256,0.586956521739,0.483870967742,0.555555555556,0.6,0.581818181818,0.333333333333,0.649122807018,0.575,0.488372093023,0.431818181818,0.604166666667,0.46875,0.611111111111,0.75,0.5,0.483870967742,0.490566037736,0.479166666667,0.458333333333,0.522727272727,0.541666666667,0.391304347826,0.549019607843,0.519230769231,0.392156862745,0.52,0.416666666667,0.4,0.452380952381,0.384615384615,0.467741935484,0.476923076923,0.5,0.557692307692,0.564102564103,0.475,0.461538461538,0.538461538462,0.571428571429,0.537037037037,0.508196721311,0.469387755102,0.45652173913,0.390243902439,0.367346938776,0.634615384615,0.525,0.469387755102,0.442307692308,0.56,0.56,0.549019607843,0.452830188679,0.5,0.488372093023,0.441860465116,0.413043478261,0.583333333333,0.444444444444,0.425531914894,0.565217391304,0.5,0.551020408163,0.571428571429,0.545454545455,0.55,0.466666666667,0.69696969697,0.527272727273,0.48,0.510638297872,0.589285714286,0.440677966102,0.4,0.395833333333,0.341463414634,0.438596491228,0.333333333333,0.351851851852,0.42,0.434782608696,0.48275862069,0.428571428571,0.448275862069,0.54,0.531914893617,0.522727272727,0.571428571429,0.46511627907,0.488372093023,0.461538461538,0.5,0.468085106383,0.489361702128,0.508474576271,0.509803921569,0.428571428571,0.422222222222,0.5,0.509433962264,0.714285714286,0.619047619048,0.608695652174,0.552631578947,0.488888888889,0.564102564103,0.636363636364,0.65625,0.5,0.431818181818,0.380952380952,0.46511627907,0.666666666667,0.5625,0.5,0.425531914894,0.6,0.434782608696,0.487179487179,0.566037735849,0.545454545455,0.542372881356,0.483333333333,0.527272727273,0.51724137931,0.571428571429,0.555555555556,0.520833333333,0.510638297872,0.466666666667,0.352941176471,0.413043478261,0.558823529412,0.6875,0.467741935484,0.5,0.507692307692,0.424242424242,0.566666666667,0.386363636364,0.533333333333,0.46875,0.568965517241,0.564102564103,0.512195121951,0.452380952381,0.511627906977,0.486111111111,0.554054054054,0.528301886792,0.5,0.522727272727,0.464285714286,0.5,0.410256410256,0.512195121951,0.530612244898,0.5625,0.568181818182,0.571428571429,0.533333333333,0.46511627907,0.509803921569,0.583333333333,0.5625,0.653846153846,0.472727272727,0.595744680851,0.603448275862,0.490566037736,0.543859649123,0.51724137931,0.553571428571,0.527272727273,0.458333333333,0.538461538462,0.509803921569,0.547619047619,0.530612244898,0.377358490566,0.483870967742,0.403846153846,0.442307692308,0.493506493506,0.5,0.4,0.385964912281,0.444444444444,0.521739130435,0.508771929825,0.529411764706,0.489795918367,0.602564102564,0.457142857143,0.611940298507,0.553191489362,0.5,0.396825396825,0.571428571429,0.594594594595,0.44,0.520833333333,0.585365853659,0.577777777778,0.44,0.634146341463,0.54347826087,0.468085106383,0.48,0.372881355932,0.448979591837,0.392156862745,0.510204081633,0.527272727273,0.48275862069,0.519230769231,0.439024390244,0.52,0.474576271186,0.625,0.425,0.576923076923,0.470588235294,0.545454545455,0.568181818182,0.511627906977,0.5,0.377358490566,0.46875,0.576923076923,0.482142857143,0.488888888889,0.480769230769,0.575757575758,0.553191489362,0.52380952381,0.47619047619,0.510638297872,0.452830188679,0.486486486486,0.711111111111,0.528301886792,0.475,0.545454545455,0.425531914894,0.549019607843,0.55,0.520833333333,0.571428571429,0.5,0.462962962963,0.574074074074,0.508771929825,0.573770491803,0.568965517241,0.471698113208,0.508196721311,0.475,0.47619047619,0.54,0.5,0.513513513514,0.416666666667,0.533333333333,0.464285714286,0.56862745098,0.596153846154,0.518518518519,0.438596491228,0.5625,0.608695652174,0.54,0.48275862069,0.46511627907,0.521739130435,0.510204081633,0.472727272727,0.377358490566,0.514285714286,0.5,0.469387755102,0.418181818182,0.490196078431,0.46511627907,0.577777777778,0.52380952381,0.565217391304,0.5,0.509803921569,0.428571428571,0.468085106383,0.625,0.610169491525,0.617021276596,0.576923076923,0.441860465116,0.56,0.529411764706,0.581395348837,0.515151515152,0.522727272727,0.395833333333,0.458333333333,0.434782608696,0.461538461538,0.533333333333,0.717391304348,0.717391304348,0.519230769231,0.531914893617,0.421875,0.5,0.5,0.56,0.583333333333,0.551724137931,0.4375,0.428571428571,0.46,0.590909090909,0.58,0.460317460317,0.404255319149,0.433962264151,0.551020408163,0.636363636364,0.588235294118,0.583333333333,0.527272727273,0.408163265306,0.509090909091,0.479166666667,0.472727272727,0.5,0.470588235294,0.628571428571,0.52380952381,0.575,0.516129032258,0.545454545455,0.583333333333,0.59375,0.54,0.318181818182,0.355555555556,0.36,0.604651162791,0.564516129032,0.473684210526,0.47619047619,0.510638297872,0.448979591837,0.53488372093,0.53488372093,0.551020408163,0.490566037736,0.5,0.5,0.527777777778,0.53488372093,0.533333333333,0.619047619048,0.56,0.532258064516,0.54,0.555555555556,0.574468085106,0.461538461538,0.607142857143,0.615384615385,0.438596491228,0.413043478261,0.452380952381,0.444444444444,0.5625,0.487804878049,0.45,0.444444444444,0.422222222222,0.545454545455,0.5,0.603773584906,0.535714285714,0.507936507937,0.509803921569,0.521739130435,0.548387096774,0.473684210526,0.666666666667,0.51724137931,0.425531914894,0.490909090909,0.490196078431,0.531914893617,0.547619047619,0.666666666667,0.454545454545,0.45652173913,0.519230769231,0.508474576271,0.510204081633,0.481481481481,0.566037735849,0.534482758621,0.679245283019,0.636363636364,0.627118644068,0.47619047619,0.360655737705,0.461538461538,0.490909090909,0.339622641509,0.461538461538,0.48,0.54,0.5,0.555555555556,0.533333333333,0.491525423729,0.473684210526,0.475409836066,0.475409836066,0.534482758621,0.509090909091,0.510204081633,0.392156862745,0.535714285714,0.452380952381,0.543859649123,0.533333333333,0.433333333333,0.352941176471,0.532258064516,0.607843137255,0.470588235294,0.555555555556,0.536585365854,0.627906976744,0.675,0.5625,0.477272727273,0.530612244898,0.469387755102,0.5,0.5,0.461538461538,0.43137254902,0.382978723404,0.553191489362,0.512820512821,0.342857142857,0.530612244898,0.456140350877,0.55,0.577777777778,0.41935483871,0.435897435897,0.459459459459,0.448979591837,0.533333333333,0.516129032258,0.549019607843,0.540983606557,0.304347826087,0.567567567568,0.413793103448,0.395833333333,0.433333333333,0.441860465116,0.461538461538,0.528301886792,0.444444444444,0.590909090909,0.51724137931,0.636363636364,0.606557377049,0.40350877193,0.434782608696,0.632653061224,0.75,0.540983606557,0.473684210526,0.586956521739,0.446808510638,0.512820512821,0.574074074074,0.333333333333,0.431034482759,0.520833333333,0.454545454545,0.529411764706,0.545454545455,0.676470588235,0.521739130435,0.46511627907,0.425531914894,0.558823529412,0.5,0.547169811321,0.561403508772,0.4,0.529411764706,0.538461538462,0.411764705882,0.645833333333,0.434782608696,0.531914893617,0.488372093023,0.5,0.620689655172,0.422222222222,0.457142857143,0.432432432432,0.416666666667,0.489361702128,0.52,0.54347826087,0.609756097561,0.43137254902,0.342857142857,0.485714285714,0.45652173913,0.586206896552,0.509803921569,0.442307692308,0.574468085106,0.526315789474,0.488372093023,0.45652173913,0.414634146341,0.487179487179,0.5,0.535714285714,0.480769230769,0.475,0.368421052632,0.475,0.5,0.540540540541,0.428571428571,0.538461538462,0.490196078431,0.461538461538,0.615384615385,0.5,0.473684210526,0.456140350877,0.596774193548,0.375,0.487804878049,0.384615384615,0.519230769231,0.55,0.324324324324,0.621621621622,0.542857142857,0.583333333333,0.44262295082,0.440677966102,0.604651162791,0.52,0.470588235294,0.48275862069,0.463414634146,0.565217391304,0.492753623188,0.509090909091,0.413793103448,0.513513513514,0.444444444444,0.586206896552,0.5,0.509803921569,0.627118644068,0.555555555556,0.516129032258,0.525,0.527272727273,0.547619047619,0.489361702128,0.613636363636,0.574468085106,0.413043478261,0.5,0.483870967742,0.5,0.452380952381,0.470588235294,0.51724137931,0.583333333333,0.526315789474,0.227272727273,0.490909090909,0.641509433962,0.584905660377,0.54,0.519230769231,0.5,0.416666666667,0.645833333333,0.644444444444,0.333333333333,0.592592592593,0.627450980392,0.571428571429,0.466666666667,0.518518518519,0.474576271186,0.546875,0.509803921569,0.536585365854,0.485714285714,0.425531914894,0.3,0.480769230769,0.56,0.511627906977,0.514285714286,0.448275862069,0.488372093023,0.533333333333,0.602941176471,0.489361702128,0.547169811321,0.557692307692,0.490566037736,0.448979591837,0.528301886792,0.5625,0.607142857143,0.5,0.55,0.536585365854,0.578947368421,0.5,0.442307692308,0.454545454545,0.5,0.52380952381,0.583333333333,0.65625,0.5,0.5625,0.4,0.474576271186,0.516129032258,0.46875,0.553191489362,0.395833333333,0.5,0.709677419355,0.576923076923,0.560975609756,0.638888888889,0.491228070175,0.509433962264,0.491228070175,0.6,0.477272727273,0.605263157895,0.522727272727,0.526315789474,0.4375,0.573770491803,0.52,0.595744680851,0.565217391304,0.351351351351,0.510204081633,0.5,0.571428571429,0.530612244898,0.425,0.666666666667,0.5,0.418604651163,0.489795918367,0.454545454545,0.553191489362,0.571428571429,0.512195121951,0.44,0.571428571429,0.452380952381,0.563636363636,0.519230769231,0.607142857143,0.410256410256,0.666666666667,0.425531914894,0.489361702128,0.577777777778,0.468085106383,0.508474576271,0.43137254902,0.4375,0.48,0.384615384615,0.322580645161,0.477272727273,0.487804878049,0.539682539683,0.469387755102,0.549019607843,0.512820512821,0.488372093023,0.488372093023,0.380952380952,0.372549019608,0.5,0.52380952381,0.333333333333,0.333333333333,0.538461538462,0.519230769231,0.409836065574,0.564102564103,0.571428571429,0.410256410256,0.526315789474,0.391304347826,0.473684210526,0.458333333333,0.645833333333,0.468085106383,0.574468085106,0.530612244898,0.487804878049,0.490909090909,0.377358490566,0.4,0.407894736842,0.40350877193,0.6,0.490196078431,0.596774193548,0.409090909091,0.5625,0.432432432432,0.444444444444,0.425925925926,0.434782608696,0.586956521739,0.418604651163,0.581818181818,0.566037735849,0.472222222222,0.558823529412,0.38,0.52380952381,0.491803278689,0.5,0.5,0.561403508772,0.634615384615,0.488888888889,0.470588235294,0.448979591837,0.6,0.591836734694,0.589285714286,0.607843137255,0.490196078431,0.477272727273,0.463414634146,0.589743589744,0.6,0.55,0.569230769231,0.622641509434,0.469387755102,0.526315789474,0.507936507937,0.577777777778,0.559322033898,0.659574468085,0.459016393443,0.425531914894,0.551020408163,0.446808510638,0.586956521739,0.442307692308,0.5,0.357142857143,0.521739130435,0.677419354839,0.56,0.488888888889,0.5,0.434782608696,0.486486486486,0.489361702128,0.575757575758,0.46,0.367346938776,0.545454545455,0.509803921569,0.470588235294,0.462962962963,0.530612244898,0.551020408163,0.480769230769,0.538461538462,0.4,0.458333333333,0.622222222222,0.395833333333,0.490566037736,0.454545454545,0.62,0.509090909091,0.52,0.5,0.573770491803,0.484375,0.507462686567,0.375,0.43137254902,0.6,0.5,0.461538461538,0.71875,0.5,0.444444444444,0.520833333333,0.595744680851,0.5,0.622641509434,0.622641509434,0.395833333333,0.519230769231,0.512195121951,0.391304347826,0.5,0.571428571429,0.485714285714,0.571428571429,0.425,0.520833333333,0.5,0.34693877551,0.675,0.571428571429,0.581395348837,0.529411764706,0.509803921569,0.446808510638,0.454545454545,0.553571428571,0.518518518519,0.527777777778,0.367346938776,0.545454545455,0.56862745098,0.440677966102,0.5625,0.483333333333,0.454545454545,0.582089552239,0.451612903226,0.535714285714,0.566037735849,0.446428571429,0.407407407407,0.433333333333,0.4,0.574074074074,0.463414634146,0.536585365854,0.52380952381,0.610169491525,0.444444444444,0.444444444444,0.510204081633,0.511111111111,0.492063492063,0.583333333333,0.541666666667,0.56,0.561403508772,0.531914893617,0.4375,0.45,0.40350877193,0.475,0.456140350877,0.458333333333,0.511627906977,0.526315789474,0.551724137931,0.410714285714,0.529411764706,0.432432432432,0.434782608696,0.54347826087,0.491525423729,0.509090909091,0.5,0.537037037037,0.511627906977,0.48,0.416666666667,0.5,0.37037037037,0.478260869565,0.478260869565,0.469387755102,0.54347826087,0.555555555556,0.533333333333,0.509433962264,0.553191489362,0.571428571429,0.45,0.483870967742,0.456140350877,0.590909090909,0.413043478261,0.652173913043,0.391304347826,0.4,0.512820512821,0.413793103448,0.47619047619,0.469387755102,0.5,0.575,0.3125,0.372881355932,0.488888888889,0.387096774194,0.421875,0.511627906977,0.487804878049,0.520833333333,0.462962962963,0.5,0.446808510638,0.509433962264,0.5,0.53488372093,0.519230769231,0.479166666667,0.520833333333,0.52380952381,0.455882352941,0.724637681159,0.571428571429,0.380952380952,0.5,0.5,0.30612244898,0.590909090909,0.396226415094,0.34693877551,0.489795918367,0.5,0.448275862069,0.542372881356,0.5,0.428571428571,0.568965517241,0.636363636364,0.2,0.378378378378,0.441176470588,0.338235294118,0.433962264151,0.288888888889,0.487179487179,0.466666666667,0.585365853659,0.384615384615,0.454545454545,0.480769230769,0.425925925926,0.511627906977,0.425531914894,0.4,0.55,0.408163265306,0.424242424242,0.423076923077,0.391304347826,0.488372093023,0.425925925926,0.507246376812,0.444444444444,0.509090909091,0.595238095238,0.611111111111,0.479166666667,0.510204081633,0.422222222222,0.507936507937,0.5,0.488888888889,0.490909090909,0.512820512821,0.423728813559,0.54,0.566037735849,0.441860465116,0.473684210526,0.594594594595,0.551020408163,0.38,0.512195121951,0.6,0.625,0.422222222222,0.483870967742,0.490909090909,0.371428571429,0.413043478261,0.649122807018,0.484848484848,0.307692307692,0.530612244898,0.487804878049,0.547169811321,0.470588235294,0.46,0.413043478261,0.571428571429,0.529411764706,0.491228070175,0.490909090909,0.428571428571,0.473684210526,0.525,0.489361702128,0.441860465116,0.558823529412,0.6,0.515625,0.566666666667,0.305555555556,0.545454545455,0.407407407407,0.407407407407,0.619047619048,0.477272727273,0.434782608696,0.444444444444,0.591836734694,0.384615384615,0.576923076923,0.46511627907,0.425531914894,0.459459459459,0.418181818182,0.51724137931,0.444444444444,0.480769230769,0.314285714286,0.490566037736,0.45,0.511627906977,0.416666666667,0.277777777778,0.394736842105,0.568181818182,0.371428571429,0.526315789474,0.48,0.425531914894,0.475,0.5,0.472222222222,0.403225806452,0.568181818182,0.425,0.431034482759,0.324324324324,0.590163934426,0.351351351351,0.433333333333,0.55,0.536585365854,0.46511627907,0.596153846154,0.485714285714,0.551724137931,0.48,0.54,0.510638297872,0.561403508772,0.395833333333,0.428571428571,0.432432432432,0.622222222222,0.46511627907,0.452380952381,0.396825396825,0.446428571429,0.435483870968,0.442307692308,0.65306122449,0.488888888889,0.575757575758,0.480769230769,0.490196078431,0.490196078431,0.545454545455,0.576923076923,0.568181818182,0.425,0.46,0.479166666667,0.519230769231,0.5,0.549019607843,0.618181818182,0.583333333333,0.6,0.561403508772,0.563636363636,0.466666666667,0.517857142857,0.546875,0.531914893617,0.414634146341,0.411764705882,0.472222222222,0.604651162791,0.636363636364,0.492063492063,0.68085106383,0.508196721311,0.52,0.42,0.344827586207,0.45652173913,0.536585365854,0.477272727273,0.51724137931,0.4375,0.5,0.479166666667,0.549019607843,0.545454545455,0.446808510638,0.403846153846,0.531914893617,0.51724137931,0.52,0.436363636364,0.536585365854,0.488372093023,0.530612244898,0.408163265306,0.565217391304,0.435897435897,0.613636363636,0.472222222222,0.4,0.382352941176,0.461538461538,0.444444444444,0.367346938776,0.5,0.559322033898,0.525,0.409090909091,0.549019607843,0.679245283019,0.333333333333,0.577777777778,0.583333333333,0.389830508475,0.479166666667,0.56,0.54,0.596153846154,0.633333333333,0.5,0.5625,0.432432432432,0.490196078431,0.535714285714,0.536585365854,0.481481481481,0.508196721311,0.444444444444,0.333333333333,0.702127659574,0.525423728814,0.48275862069,0.441860465116,0.507462686567,0.475,0.48,0.540540540541,0.528301886792,0.490566037736,0.619047619048,0.575757575758,0.55,0.368421052632,0.52380952381,0.46,0.558139534884,0.52,0.588235294118,0.46511627907,0.454545454545,0.545454545455,0.528301886792,0.46,0.4375,0.425925925926,0.377049180328,0.5,0.553191489362,0.471698113208,0.471698113208,0.465517241379,0.489795918367,0.490566037736,0.414634146341,0.424242424242,0.450980392157,0.431818181818,0.392156862745,0.615384615385,0.62,0.404255319149,0.52,0.372549019608,0.434782608696,0.46,0.452380952381,0.425531914894,0.411764705882,0.571428571429,0.5,0.692307692308,0.595238095238,0.666666666667,0.451612903226,0.526315789474,0.42,0.540540540541,0.479166666667,0.367346938776,0.510204081633,0.491525423729,0.434782608696,0.5,0.535211267606,0.466666666667,0.555555555556,0.452380952381,0.609756097561,0.648648648649,0.627906976744,0.468085106383,0.52380952381,0.466666666667,0.568181818182,0.487179487179,0.411764705882,0.365853658537,0.555555555556,0.54,0.521739130435,0.628571428571,0.466666666667,0.551020408163,0.555555555556,0.394366197183,0.531914893617,0.527777777778,0.52380952381,0.415094339623,0.5,0.537037037037,0.522727272727,0.386363636364,0.421875,0.446428571429,0.555555555556,0.491803278689,0.509090909091,0.269230769231,0.5,0.45652173913,0.326923076923,0.54,0.555555555556,0.442307692308,0.551020408163,0.48,0.490196078431,0.451612903226,0.409090909091,0.558139534884,0.576923076923,0.477272727273,0.577777777778,0.555555555556,0.65306122449,0.490566037736,0.463414634146,0.469387755102,0.54,0.395348837209,0.52380952381,0.725,0.564102564103,0.519230769231,0.396825396825,0.454545454545,0.641025641026,0.560975609756,0.472222222222,0.586956521739,0.176470588235,0.51724137931,0.461538461538,0.491228070175,0.408163265306,0.545454545455,0.416666666667,0.384615384615,0.62962962963,0.470588235294,0.456140350877,0.590909090909,0.529411764706,0.48275862069,0.483870967742,0.416666666667,0.47619047619,0.583333333333,0.5,0.481481481481,0.5,0.575757575758,0.393939393939,0.466666666667,0.463414634146,0.512820512821,0.491228070175,0.558139534884,0.53488372093,0.377777777778,0.47619047619,0.454545454545,0.5625,0.422222222222,0.38,0.357142857143,0.543859649123,0.490196078431,0.529411764706,0.510638297872,0.488372093023,0.5,0.418604651163,0.6,0.428571428571,0.529411764706,0.519230769231,0.384615384615,0.492307692308,0.470588235294,0.4,0.391304347826,0.375,0.432432432432,0.47619047619,0.55,0.595238095238,0.47619047619,0.473684210526,0.567567567568,0.525,0.565217391304,0.527272727273,0.369565217391,0.609756097561,0.47619047619,0.45652173913,0.46,0.529411764706,0.454545454545,0.595238095238,0.375,0.413043478261,0.507936507937,0.446808510638,0.333333333333,0.603773584906,0.529411764706,0.575757575758,0.511627906977,0.547619047619,0.525,0.634146341463,0.609756097561,0.557692307692,0.382978723404,0.5,0.5,0.519230769231,0.341463414634,0.553191489362,0.525,0.490909090909,0.607843137255,0.40350877193,0.471698113208,0.418604651163,0.75,0.619047619048,0.490909090909,0.512820512821,0.536585365854,0.58,0.555555555556,0.454545454545,0.4,0.487804878049,0.577777777778,0.631578947368,0.475,0.489361702128,0.522727272727,0.470588235294,0.403846153846,0.555555555556,0.434782608696,0.48,0.521739130435,0.44,0.4,0.454545454545,0.519230769231,0.5,0.560975609756,0.590909090909,0.511627906977,0.4,0.44,0.4,0.410256410256,0.652173913043,0.63829787234,0.581395348837,0.566037735849,0.297297297297,0.355555555556,0.403225806452,0.530612244898,0.542372881356,0.358974358974,0.575,0.485714285714,0.555555555556,0.47619047619,0.4,0.454545454545,0.512195121951,0.533333333333,0.538461538462,0.276595744681,0.512820512821,0.611111111111,0.603448275862,0.530612244898,0.557692307692,0.486486486486,0.42,0.478260869565,0.45,0.523076923077,0.55,0.387755102041,0.478260869565,0.48,0.387755102041,0.478260869565,0.5,0.541666666667,0.489361702128,0.425,0.511111111111,0.653846153846,0.518518518519,0.466666666667,0.512820512821,0.5,0.530612244898,0.428571428571,0.459459459459,0.517857142857,0.414634146341,0.5,0.451612903226,0.466666666667,0.568181818182,0.547169811321,0.560975609756,0.51724137931,0.484375,0.533333333333,0.487179487179,0.465517241379,0.511627906977,0.567567567568,0.5625,0.56,0.480769230769,0.377777777778,0.414634146341,0.436363636364,0.377358490566,0.357142857143,0.377777777778,0.46875,0.533333333333,0.5,0.375,0.53125,0.421052631579,0.438596491228,0.586956521739,0.416666666667,0.469387755102,0.42,0.470588235294,0.358490566038,0.430769230769,0.565217391304,0.471698113208,0.44,0.661290322581,0.542372881356,0.405405405405,0.606060606061,0.560975609756,0.428571428571,0.44,0.391304347826,0.557692307692,0.408163265306,0.608695652174,0.480769230769,0.441860465116,0.416666666667,0.548387096774,0.479166666667,0.436363636364,0.475,0.446808510638,0.310344827586,0.4,0.477272727273,0.611111111111,0.553846153846,0.651162790698,0.507462686567,0.409090909091,0.612244897959,0.5,0.4375,0.454545454545,0.621621621622,0.431818181818,0.489361702128,0.5,0.481481481481,0.45652173913,0.491803278689,0.529411764706,0.387755102041,0.477272727273,0.462962962963,0.472727272727,0.545454545455,0.452380952381,0.478260869565,0.509803921569,0.584905660377,0.422222222222,0.434782608696,0.487804878049,0.418604651163,0.528301886792,0.488888888889,0.454545454545,0.530612244898,0.450980392157,0.521739130435,0.4,0.473684210526,0.545454545455,0.509803921569,0.439024390244,0.581818181818,0.418604651163,0.490566037736,0.461538461538,0.510204081633,0.48,0.452830188679,0.487804878049,0.448275862069,0.381818181818,0.511111111111,0.568965517241,0.527272727273,0.44,0.571428571429,0.529411764706,0.4,0.5,0.451612903226,0.595744680851,0.45,0.540983606557,0.622222222222,0.428571428571,0.394736842105,0.5,0.525,0.55,0.5,0.472727272727,0.620689655172,0.4,0.415094339623,0.596153846154,0.574468085106,0.422222222222,0.380952380952,0.44776119403,0.46511627907,0.435897435897,0.435897435897,0.404761904762,0.526315789474,0.396226415094,0.454545454545,0.521739130435,0.538461538462,0.4,0.617647058824,0.5625,0.317073170732,0.547169811321,0.444444444444,0.450980392157,0.567567567568,0.257142857143,0.48275862069,0.512820512821,0.555555555556,0.928571428571,0.681818181818,0.578947368421,0.444444444444,0.433962264151,0.644444444444,0.297297297297,0.344827586207,0.394736842105,0.52380952381,0.5,0.607843137255,0.54,0.574074074074,0.5,0.639344262295,0.391304347826,0.517857142857,0.514285714286,0.551020408163,0.578947368421,0.456140350877,0.485714285714,0.416666666667,0.511627906977,0.5,0.529411764706,0.527272727273,0.421052631579,0.439024390244,0.411764705882,0.5,0.363636363636,0.5,0.460317460317,0.435897435897,0.521739130435,0.535714285714,0.692307692308,0.585365853659,0.565217391304,0.560975609756,0.428571428571,0.577777777778,0.488372093023,0.452380952381,0.395348837209,0.454545454545,0.6,0.492307692308,0.418604651163,0.487179487179,0.517857142857,0.538461538462,0.479166666667,0.525,0.516129032258,0.333333333333,0.348837209302,0.463414634146,0.333333333333,0.5,0.463414634146,0.52380952381,0.603773584906,0.474576271186,0.5,0.555555555556,0.527777777778,0.485714285714,0.509090909091,0.424242424242,0.390243902439,0.461538461538,0.522727272727,0.4,0.372881355932,0.517857142857,0.46,0.555555555556,0.434782608696,0.444444444444,0.477272727273,0.479166666667,0.391304347826,0.38,0.517857142857,0.490909090909,0.53488372093,0.478260869565,0.45,0.52,0.388888888889,0.471698113208,0.681818181818,0.510638297872,0.53488372093,0.545454545455,0.543859649123,0.5,0.414634146341,0.444444444444,0.555555555556,0.530612244898,0.5625,0.547169811321,0.625,0.487179487179,0.6,0.589743589744,0.537037037037,0.577777777778,0.409090909091,0.518518518519,0.533333333333,0.617647058824,0.509803921569,0.6,0.451612903226,0.527272727273,0.509803921569,0.428571428571,0.633333333333,0.54,0.483870967742,0.489361702128,0.571428571429,0.538461538462,0.661016949153,0.528301886792,0.596774193548,0.450980392157,0.552631578947,0.459459459459,0.560975609756,0.533333333333,0.553191489362,0.625,0.363636363636,0.608695652174,0.448979591837,0.522727272727,0.525,0.390625,0.585714285714,0.604166666667,0.5,0.482142857143,0.404761904762,0.509433962264,0.557692307692,0.516666666667,0.5,0.565217391304,0.571428571429,0.454545454545,0.574468085106,0.490909090909,0.538461538462,0.414634146341,0.531914893617,0.3,0.552631578947,0.485714285714,0.575,0.454545454545,0.617647058824,0.577777777778,0.585365853659,0.473684210526,0.586206896552,0.428571428571,0.452830188679,0.428571428571,0.530612244898,0.380952380952,0.608695652174,0.473684210526,0.486486486486,0.631578947368,0.520833333333,0.459459459459,0.631578947368,0.547619047619,0.512195121951,0.489795918367,0.540540540541,0.44,0.42,0.553191489362,0.588235294118,0.377358490566,0.302325581395,0.56862745098,0.450980392157,0.540540540541,0.55,0.589743589744,0.509803921569,0.553571428571,0.548387096774,0.484848484848,0.508771929825,0.555555555556,0.613636363636,0.568181818182,0.431818181818,0.612903225806,0.555555555556,0.463414634146,0.459016393443,0.473684210526,0.368421052632,0.415094339623,0.514285714286,0.521739130435,0.574468085106,0.52380952381,0.471698113208,0.595744680851,0.27027027027,0.416666666667,0.575,0.471698113208,0.407407407407,0.490566037736,0.458333333333,0.603773584906,0.5,0.520833333333,0.475,0.508474576271,0.483870967742,0.527272727273,0.514285714286,0.566037735849,0.355555555556,0.470588235294,0.541666666667,0.472727272727,0.444444444444,0.475,0.418604651163,0.439024390244,0.596153846154,0.530612244898,0.510638297872,0.46,0.617021276596,0.444444444444,0.409090909091,0.512820512821,0.520833333333,0.448979591837,0.568965517241,0.641509433962,0.450980392157,0.42,0.4375,0.368421052632,0.415094339623,0.386363636364,0.454545454545,0.581395348837,0.607843137255,0.52380952381,0.454545454545,0.631578947368,0.340425531915,0.596153846154,0.315789473684,0.46511627907,0.566037735849,0.372549019608,0.520833333333,0.551020408163,0.521739130435,0.56,0.45652173913,0.44,0.568181818182,0.620689655172,0.487804878049,0.396226415094,0.568965517241,0.585365853659,0.530612244898,0.372093023256,0.396825396825,0.724137931034,0.394736842105,0.407407407407,0.45652173913,0.411764705882,0.44,0.571428571429,0.482142857143,0.52,0.348484848485,0.577777777778,0.592592592593,0.591836734694,0.577777777778,0.6,0.38,0.510638297872,0.5,0.472222222222,0.63829787234,0.473684210526,0.617021276596,0.527777777778,0.481481481481,0.45652173913,0.480769230769,0.511111111111,0.527777777778,0.428571428571,0.47619047619,0.388888888889,0.618181818182,0.576923076923,0.471698113208,0.487804878049,0.481481481481,0.45652173913,0.594594594595,0.470588235294,0.44,0.553191489362,0.509090909091,0.5,0.5,0.555555555556,0.673913043478,0.423076923077,0.575,0.4375,0.547619047619,0.568181818182,0.46511627907,0.491228070175,0.492063492063,0.491525423729,0.466666666667,0.52,0.444444444444,0.380952380952,0.5,0.5,0.479166666667,0.486486486486,0.54347826087,0.625,0.555555555556,0.552631578947,0.439024390244,0.447368421053,0.609756097561,0.45652173913,0.365384615385,0.392156862745,0.55,0.4375,0.459459459459,0.416666666667,0.47619047619,0.483870967742,0.5,0.469387755102,0.514285714286,0.6,0.454545454545,0.566037735849,0.625,0.431818181818,0.540540540541,0.463414634146,0.358974358974,0.394736842105,0.527777777778,0.519230769231,0.574074074074,0.577777777778,0.461538461538,0.547169811321,0.576923076923,0.461538461538,0.5,0.577777777778,0.485714285714,0.559322033898,0.633333333333,0.65625,0.645833333333,0.538461538462,0.444444444444,0.533333333333,0.533333333333,0.5,0.52,0.545454545455,0.538461538462,0.5,0.485294117647,0.452380952381,0.378378378378,0.404761904762,0.454545454545,0.53488372093,0.573770491803,0.606557377049,0.634146341463,0.481481481481,0.530612244898,0.571428571429,0.410256410256,0.5,0.466666666667,0.558823529412,0.5,0.516129032258,0.517857142857,0.491525423729,0.416666666667,0.444444444444,0.452380952381,0.543859649123,0.533333333333,0.47619047619,0.388888888889,0.396551724138,0.441860465116,0.416666666667,0.450980392157,0.634146341463,0.577777777778,0.514285714286,0.694444444444,0.470588235294,0.395348837209,0.392156862745,0.40350877193,0.59649122807,0.481481481481,0.5,0.595238095238,0.604651162791,0.591836734694,0.428571428571,0.677419354839,0.44,0.56,0.5,0.698113207547,0.573770491803,0.714285714286,0.553191489362,0.482142857143,0.478260869565,0.525,0.447368421053,0.552631578947,0.4,0.410256410256,0.612244897959,0.457142857143,0.545454545455,0.459459459459,0.489795918367,0.408163265306,0.666666666667,0.596153846154,0.627450980392,0.549019607843,0.469387755102,0.586956521739,0.576923076923,0.614035087719,0.423076923077,0.340425531915,0.411764705882,0.416666666667,0.421052631579,0.375,0.487804878049,0.5,0.53488372093,0.474576271186,0.558823529412,0.461538461538,0.511111111111,0.625,0.581818181818,0.5,0.448979591837,0.531914893617,0.404761904762,0.307692307692,0.406779661017,0.5,0.424242424242,0.36170212766,0.520833333333,0.541666666667,0.485714285714,0.423076923077,0.56862745098,0.47619047619,0.606060606061,0.561403508772,0.590909090909,0.35,0.468085106383,0.302325581395,0.477272727273,0.428571428571,0.467741935484,0.490196078431,0.347826086957,0.47619047619,0.471698113208,0.555555555556,0.509433962264,0.369565217391,0.403846153846,0.560975609756,0.531914893617,0.522727272727,0.475,0.526315789474,0.439024390244,0.539682539683,0.658536585366,0.549019607843,0.521739130435,0.547169811321,0.521739130435,0.549019607843,0.478260869565,0.593220338983,0.541666666667,0.575,0.581395348837,0.538461538462,0.5,0.536585365854,0.428571428571,0.450980392157,0.491525423729,0.485714285714,0.540540540541,0.425,0.552631578947,0.578947368421,0.41935483871,0.568181818182,0.560975609756,0.520833333333,0.392156862745,0.396226415094,0.395833333333,0.446808510638,0.545454545455,0.553191489362,0.511627906977,0.54347826087,0.541666666667,0.692307692308,0.666666666667,0.543859649123,0.441860465116,0.520833333333,0.340909090909,0.526315789474,0.424242424242,0.421052631579,0.472222222222,0.403846153846,0.526315789474,0.649122807018,0.5,0.571428571429,0.439024390244,0.551020408163,0.458333333333,0.372549019608,0.38,0.3125,0.446428571429,0.595744680851,0.457142857143,0.513513513514,0.586206896552,0.446808510638,0.454545454545,0.48275862069,0.442307692308,0.461538461538,0.559322033898,0.428571428571,0.44,0.666666666667,0.675,0.560975609756,0.66,0.425925925926,0.358490566038,0.38,0.375,0.46,0.578947368421,0.558139534884,0.555555555556,0.551020408163,0.396226415094,0.46,0.394736842105,0.588235294118,0.425531914894,0.541666666667,0.519230769231,0.48,0.603448275862,0.490909090909,0.558139534884,0.509803921569,0.510638297872,0.53488372093,0.423076923077,0.452380952381,0.396226415094,0.5,0.6,0.422222222222,0.53488372093,0.439024390244,0.534482758621,0.555555555556,0.551020408163,0.528301886792,0.491228070175,0.515151515152,0.622950819672,0.511627906977,0.257142857143,0.384615384615,0.465517241379,0.547619047619,0.560975609756,0.568181818182,0.47619047619,0.513513513514,0.351851851852,0.428571428571,0.435897435897,0.519230769231,0.491228070175,0.565217391304,0.391304347826,0.431818181818,0.551724137931,0.459459459459,0.542372881356,0.458333333333,0.490196078431,0.512820512821,0.52380952381,0.5,0.551724137931,0.604166666667,0.5,0.477272727273,0.46,0.433962264151,0.372549019608,0.464285714286,0.508474576271,0.384615384615,0.510204081633,0.4,0.415094339623,0.466666666667,0.452380952381,0.450980392157,0.603448275862,0.520833333333,0.566037735849,0.387755102041,0.416666666667,0.438596491228,0.54347826087,0.56,0.435897435897,0.465517241379,0.508474576271,0.428571428571,0.416666666667,0.552631578947,0.536585365854,0.491803278689,0.40350877193,0.541666666667,0.553191489362,0.537037037037,0.411764705882,0.45652173913,0.578947368421,0.393939393939,0.65,0.478260869565,0.473684210526,0.511111111111,0.5,0.555555555556,0.5,0.537037037037,0.588235294118,0.557692307692,0.542372881356,0.440677966102,0.450980392157,0.46511627907,0.377777777778,0.541666666667,0.428571428571,0.454545454545,0.65306122449,0.666666666667,0.521739130435,0.6,0.633333333333,0.644444444444,0.708333333333,0.524590163934,0.458333333333,0.436363636364,0.415094339623,0.545454545455,0.478260869565,0.473684210526,0.54347826087,0.365853658537,0.428571428571,0.583333333333,0.482142857143,0.44,0.5,0.512195121951,0.522727272727,0.377777777778,0.404255319149,0.358490566038,0.392156862745,0.543859649123,0.58064516129,0.641509433962,0.479166666667,0.487179487179,0.512195121951,0.525,0.454545454545,0.478260869565,0.534482758621,0.608695652174,0.447368421053,0.7,0.488888888889,0.547619047619,0.538461538462,0.488372093023,0.5,0.486486486486,0.525,0.425,0.627906976744,0.385964912281,0.384615384615,0.313725490196,0.568965517241,0.571428571429,0.563636363636,0.627450980392,0.538461538462,0.5,0.448275862069,0.415094339623,0.452380952381,0.54347826087,0.592592592593,0.785714285714,0.54,0.263157894737,0.575757575758,0.5625,0.416666666667,0.5,0.488372093023,0.651162790698,0.474576271186,0.392156862745,0.551020408163,0.465517241379,0.48275862069,0.351851851852,0.454545454545,0.43137254902,0.391304347826,0.6,0.333333333333,0.490909090909,0.571428571429,0.411764705882,0.588235294118,0.473684210526,0.516129032258,0.63829787234,0.625,0.410714285714,0.454545454545,0.552631578947,0.442307692308,0.5,0.615384615385,0.463414634146,0.4375,0.478260869565,0.55,0.48275862069,0.55,0.446808510638,0.618181818182,0.382352941176,0.489361702128,0.421052631579,0.538461538462,0.55,0.591836734694,0.531914893617,0.510204081633,0.48,0.5,0.452830188679,0.4,0.428571428571,0.567567567568,0.530612244898,0.568965517241,0.512820512821,0.5,0.56862745098,0.56862745098,0.585365853659,0.363636363636,0.216216216216,0.34375,0.431818181818,0.479166666667,0.52,0.512195121951,0.529411764706,0.5,0.560975609756,0.549019607843,0.545454545455,0.56862745098,0.641509433962,0.438596491228,0.510638297872,0.415094339623,0.462962962963,0.471698113208,0.659090909091,0.466666666667,0.461538461538,0.625,0.527272727273,0.369565217391,0.466666666667,0.545454545455,0.470588235294,0.5,0.560975609756,0.444444444444,0.4,0.421052631579,0.428571428571,0.5,0.509090909091,0.529411764706,0.54,0.457142857143,0.585365853659,0.560975609756,0.6,0.385964912281,0.490196078431,0.421875,0.404255319149,0.416666666667,0.564102564103,0.511627906977,0.512820512821,0.576271186441,0.621621621622,0.510638297872,0.482142857143,0.666666666667,0.590909090909,0.608695652174,0.557692307692,0.45652173913,0.542857142857,0.614035087719,0.566666666667,0.571428571429,0.392857142857,0.5,0.619047619048,0.68,0.604166666667,0.428571428571,0.45,0.622641509434,0.431818181818,0.447368421053,0.528301886792,0.581395348837,0.552631578947,0.547169811321,0.440677966102,0.469387755102,0.466666666667,0.555555555556,0.484848484848,0.525,0.529411764706,0.466666666667,0.409090909091,0.488372093023,0.619047619048,0.42,0.6,0.547169811321,0.592592592593,0.51724137931,0.446153846154,0.528301886792,0.454545454545,0.510204081633,0.592592592593,0.491228070175,0.520833333333,0.448979591837,0.591836734694,0.444444444444,0.509433962264,0.5,0.490909090909,0.382978723404,0.490909090909,0.466666666667,0.5,0.574074074074,0.322580645161,0.388888888889,0.475,0.393939393939,0.333333333333,0.472222222222,0.358490566038,0.631578947368,0.389830508475,0.46511627907,0.568181818182,0.4375,0.560975609756,0.58,0.533333333333,0.45,0.484375,0.444444444444,0.560975609756,0.549019607843,0.523076923077,0.492307692308,0.533333333333,0.528301886792,0.555555555556,0.555555555556,0.54347826087,0.578947368421,0.461538461538,0.305555555556,0.583333333333,0.625,0.565217391304,0.384615384615,0.435897435897,0.425531914894,0.435897435897,0.5,0.490196078431,0.442307692308,0.5,0.408163265306,0.547169811321,0.517857142857,0.583333333333,0.47619047619,0.530612244898,0.458333333333,0.375,0.410714285714,0.413043478261,0.612244897959,0.64,0.609375,0.581395348837,0.325,0.305555555556,0.615384615385,0.510204081633,0.410714285714,0.531914893617,0.5,0.490196078431,0.416666666667,0.43137254902,0.43137254902,0.390243902439,0.475,0.433333333333,0.489361702128,0.452830188679,0.595238095238,0.488372093023,0.6,0.590909090909,0.604651162791,0.63829787234,0.567567567568,0.615384615385,0.529411764706,0.431034482759,0.404761904762,0.366666666667,0.558823529412,0.53125,0.418604651163,0.424242424242,0.515625,0.428571428571,0.388888888889,0.514285714286,0.492307692308,0.415094339623,0.479166666667,0.421052631579,0.472222222222,0.415094339623,0.459459459459,0.521739130435,0.516666666667,0.391304347826,0.372093023256,0.409090909091,0.604166666667,0.54347826087,0.54,0.5,0.425,0.375,0.432835820896,0.537037037037,0.684210526316,0.530303030303,0.414634146341,0.565217391304,0.369565217391,0.5,0.488888888889,0.590909090909,0.74358974359,0.575,0.482142857143,0.545454545455,0.545454545455,0.529411764706,0.53125,0.518518518519,0.537313432836,0.508474576271,0.454545454545,0.434782608696,0.369565217391,0.47619047619,0.509803921569,0.673469387755,0.577777777778,0.588235294118,0.54,0.553571428571,0.571428571429,0.395833333333,0.463768115942,0.549019607843,0.433962264151,0.538461538462,0.454545454545,0.415094339623,0.34693877551,0.521739130435,0.409090909091,0.641025641026,0.542372881356,0.612244897959,0.489361702128,0.377358490566,0.534482758621,0.5,0.704225352113,0.4,0.604651162791,0.548387096774,0.590909090909,0.431818181818,0.5,0.46511627907,0.538461538462,0.510204081633,0.478260869565,0.44,0.578947368421,0.588235294118,0.553571428571,0.520833333333,0.448979591837,0.527777777778,0.5,0.348837209302,0.608695652174,0.34375,0.571428571429,0.594594594595,0.408163265306,0.46,0.702702702703,0.5,0.367346938776,0.441860465116,0.386363636364,0.575,0.482142857143,0.37037037037,0.5,0.428571428571,0.42,0.673913043478,0.456140350877,0.481481481481,0.470588235294,0.403846153846,0.458333333333,0.59375,0.377358490566,0.490909090909,0.538461538462,0.586956521739,0.433962264151,0.459459459459,0.28,0.377049180328,0.543859649123,0.522388059701,0.441860465116,0.452380952381,0.461538461538,0.326086956522,0.561643835616,0.607142857143,0.387096774194,0.666666666667,0.486486486486,0.446428571429,0.483333333333,0.581818181818,0.5,0.326530612245,0.490909090909,0.472727272727,0.416666666667,0.682926829268,0.444444444444,0.536585365854,0.535714285714,0.561403508772,0.583333333333,0.473684210526,0.441860465116,0.4375,0.461538461538,0.5,0.384615384615,0.510638297872,0.421052631579,0.475,0.53488372093,0.409090909091,0.64406779661,0.431034482759,0.46,0.5,0.578125,0.539682539683,0.490909090909,0.510204081633,0.558139534884,0.54347826087,0.535714285714,0.541666666667,0.480769230769,0.510204081633,0.52380952381,0.568965517241,0.547169811321,0.563636363636,0.6,0.553191489362,0.558139534884,0.442307692308,0.56,0.583333333333,0.6,0.543859649123,0.557692307692,0.465517241379,0.627906976744,0.441176470588,0.436363636364,0.428571428571,0.452830188679,0.535714285714,0.489361702128,0.46,0.448275862069,0.446428571429,0.414634146341,0.371428571429,0.363636363636,0.44,0.58,0.439024390244,0.487179487179,0.560975609756,0.490196078431,0.567567567568,0.522727272727,0.522727272727,0.571428571429,0.552631578947,0.564102564103,0.512195121951,0.448275862069,0.526315789474,0.553571428571,0.515625,0.473684210526,0.507462686567,0.510638297872,0.5,0.64,0.535714285714,0.555555555556,0.444444444444,0.509803921569,0.480769230769,0.472727272727,0.614035087719,0.390243902439,0.553191489362,0.604651162791,0.565217391304,0.596153846154,0.473684210526,0.411764705882,0.395348837209,0.325,0.545454545455,0.51724137931,0.604651162791,0.5,0.43137254902,0.490566037736,0.461538461538,0.444444444444,0.396226415094,0.47619047619,0.558823529412,0.605263157895,0.545454545455,0.555555555556,0.46,0.444444444444,0.483333333333,0.44262295082,0.529411764706,0.490566037736,0.472727272727,0.547619047619,0.589743589744,0.604651162791,0.392156862745,0.621621621622,0.510204081633,0.391304347826,0.43137254902,0.508771929825,0.566666666667,0.510204081633,0.483333333333,0.472727272727,0.5,0.529411764706,0.44,0.480769230769,0.5,0.458333333333,0.517857142857,0.488372093023,0.528301886792,0.483333333333,0.59649122807,0.423076923077,0.414634146341,0.446808510638,0.512820512821,0.509090909091,0.439024390244,0.5,0.568181818182,0.486486486486,0.447368421053,0.450980392157,0.461538461538,0.409090909091,0.395833333333,0.529411764706,0.616666666667,0.574074074074,0.56862745098,0.377358490566,0.423076923077,0.555555555556,0.527272727273,0.533333333333,0.451612903226,0.564102564103,0.487804878049,0.407407407407,0.37037037037,0.344827586207,0.479166666667,0.555555555556,0.636363636364,0.630434782609,0.622222222222,0.510638297872,0.285714285714,0.548387096774,0.352941176471,0.446808510638,0.467741935484,0.47619047619,0.452380952381,0.410256410256,0.647058823529,0.542857142857,0.52380952381,0.470588235294,0.444444444444,0.55,0.519230769231,0.710526315789,0.365853658537,0.447368421053,0.480769230769,0.54347826087,0.5,0.5,0.508196721311,0.586956521739,0.477272727273,0.405405405405,0.381818181818,0.5,0.440677966102,0.555555555556,0.58,0.647058823529,0.547169811321,0.538461538462,0.584905660377,0.588235294118,0.576923076923,0.594594594595,0.577777777778,0.444444444444,0.285714285714,0.474576271186,0.564102564103,0.512820512821,0.5,0.535714285714,0.540540540541,0.352941176471,0.479166666667,0.490196078431,0.518518518519,0.489361702128,0.485714285714,0.483870967742,0.565217391304,0.5,0.549019607843,0.471698113208,0.436363636364,0.586206896552,0.474576271186,0.490909090909,0.410714285714,0.488888888889,0.5,0.536585365854,0.466666666667,0.450980392157,0.54347826087,0.446808510638,0.636363636364,0.591836734694,0.611111111111,0.62,0.448979591837,0.5,0.511111111111,0.5,0.488888888889,0.459459459459,0.432432432432,0.473684210526,0.446808510638,0.266666666667,0.428571428571,0.514285714286,0.595744680851,0.557692307692,0.479166666667,0.461538461538,0.510638297872,0.510204081633,0.5,0.472222222222,0.48,0.45652173913,0.559322033898,0.351851851852,0.436363636364,0.439024390244,0.333333333333,0.69387755102,0.526315789474,0.512195121951,0.468085106383,0.714285714286,0.5,0.490566037736,0.487179487179,0.45,0.463414634146,0.326530612245,0.472727272727,0.454545454545,0.326086956522,0.382352941176,0.567567567568,0.450980392157,0.555555555556,0.521739130435,0.52,0.452380952381,0.625,0.613636363636,0.617021276596,0.5,0.627906976744,0.52,0.512820512821,0.542857142857,0.573770491803,0.565217391304,0.533333333333,0.547619047619,0.620689655172,0.607142857143,0.451612903226,0.447368421053,0.52380952381,0.59375,0.538461538462,0.411764705882,0.489795918367,0.491525423729,0.450980392157,0.458333333333,0.45652173913,0.54347826087,0.488888888889,0.577777777778,0.549019607843,0.525423728814,0.54347826087,0.571428571429,0.52,0.450980392157,0.375,0.545454545455,0.540540540541,0.46875,0.531914893617,0.416666666667,0.595238095238,0.519230769231,0.418604651163,0.395348837209,0.549019607843,0.48,0.473684210526,0.585365853659,0.425,0.444444444444,0.5,0.611111111111,0.545454545455,0.6,0.636363636364,0.431034482759,0.543859649123,0.53488372093,0.5,0.355555555556,0.540983606557,0.551724137931,0.421052631579,0.581395348837,0.657142857143,0.583333333333,0.333333333333,0.333333333333,0.434782608696,0.404761904762,0.357142857143,0.522727272727,0.43137254902,0.379310344828,0.326086956522,0.627906976744,0.385964912281,0.391304347826,0.547619047619,0.5,0.479166666667,0.519230769231,0.479166666667,0.577777777778,0.4,0.615384615385,0.630434782609,0.483333333333,0.5,0.564102564103,0.5,0.528301886792,0.549019607843,0.5,0.470588235294,0.46511627907,0.588235294118,0.65625,0.333333333333,0.396551724138,0.375,0.5625,0.48275862069,0.489795918367,0.553191489362,0.875,0.54347826087,0.666666666667,0.529411764706,0.510638297872,0.5,0.423076923077,0.434782608696,0.547169811321,0.547619047619,0.53488372093,0.565217391304,0.3,0.52380952381,0.466666666667,0.507692307692,0.577777777778,0.46,0.425,0.472222222222,0.541666666667,0.461538461538,0.405405405405,0.690909090909,0.392156862745,0.476923076923,0.607142857143,0.55,0.473684210526,0.358974358974,0.369565217391,0.488372093023,0.766666666667,0.537037037037,0.490909090909,0.452380952381,0.411764705882,0.441860465116,0.51724137931,0.555555555556,0.44,0.487804878049,0.444444444444,0.555555555556,0.448979591837,0.490909090909,0.547619047619,0.5,0.510204081633,0.585365853659,0.410256410256,0.418181818182,0.537037037037,0.425925925926,0.617021276596,0.365384615385,0.47619047619,0.461538461538,0.565217391304,0.490566037736,0.56,0.325,0.566037735849,0.414634146341,0.5,0.488888888889,0.6,0.574074074074,0.52380952381,0.518518518519,0.490909090909,0.461538461538,0.65625,0.648648648649,0.410714285714,0.415094339623,0.512195121951,0.652173913043,0.555555555556,0.421052631579,0.434782608696,0.469387755102,0.5,0.444444444444,0.518518518519,0.522727272727,0.333333333333,0.409090909091,0.597014925373,0.510204081633,0.348837209302,0.452380952381,0.481481481481,0.568965517241,0.444444444444,0.657894736842,0.604651162791,0.428571428571,0.5,0.479166666667,0.40350877193,0.446428571429,0.448979591837,0.511627906977,0.703703703704,0.426229508197,0.468085106383,0.428571428571,0.485714285714,0.514285714286,0.444444444444,0.458333333333,0.489795918367,0.489361702128,0.568181818182,0.545454545455,0.446808510638,0.377777777778,0.622950819672,0.586956521739,0.487179487179,0.453125,0.297297297297,0.421052631579,0.470588235294,0.428571428571,0.444444444444,0.688888888889,0.470588235294,0.576923076923,0.516666666667,0.333333333333,0.536585365854,0.625,0.56,0.574074074074,0.4,0.46511627907,0.526315789474,0.529411764706,0.474576271186,0.326923076923,0.51724137931,0.5,0.55,0.447368421053,0.547619047619,0.441176470588,0.435897435897,0.5,0.4375,0.377358490566,0.463414634146,0.552631578947,0.594594594595,0.472222222222,0.404255319149,0.555555555556,0.527777777778,0.536585365854,0.509090909091,0.387755102041,0.522727272727,0.378378378378,0.5625,0.470588235294,0.571428571429,0.5,0.405405405405,0.444444444444,0.440677966102,0.55,0.472222222222,0.568181818182,0.404255319149,0.377777777778,0.444444444444,0.666666666667,0.485714285714,0.4,0.5,0.621621621622,0.55,0.47619047619,0.581395348837,0.487804878049,0.377777777778,0.64,0.52,0.56,0.578947368421,0.387755102041,0.518518518519,0.522727272727,0.450980392157,0.511111111111,0.465517241379,0.545454545455,0.6,0.524590163934,0.530303030303,0.473684210526,0.44,0.5,0.636363636364,0.466666666667,0.608695652174,0.490909090909,0.517857142857,0.676470588235,0.339285714286,0.517857142857,0.469387755102,0.375,0.414634146341,0.5,0.54347826087,0.5625,0.541666666667,0.649122807018,0.574468085106,0.465517241379,0.476923076923,0.558139534884,0.425531914894,0.447368421053,0.375,0.475,0.514285714286,0.529411764706,0.43137254902,0.542372881356,0.372549019608,0.461538461538,0.488372093023,0.634920634921,0.58,0.434782608696,0.470588235294,0.53125,0.390243902439,0.571428571429,0.56,0.557692307692,0.55737704918,0.561403508772,0.511111111111,0.466666666667,0.452380952381,0.54,0.547169811321,0.62962962963,0.426470588235,0.5,0.530612244898,0.483870967742,0.5,0.457627118644,0.390243902439,0.438596491228,0.490196078431,0.46,0.45,0.487179487179,0.333333333333,0.4,0.454545454545,0.48,0.358974358974,0.525,0.4375,0.615384615385,0.625,0.585365853659,0.55,0.589743589744,0.5,0.53488372093,0.488888888889,0.488372093023,0.454545454545,0.485714285714,0.648648648649,0.5,0.52380952381,0.564102564103,0.595744680851,0.4,0.5,0.45652173913,0.485714285714,0.352941176471,0.573770491803,0.5,0.509090909091,0.508771929825,0.509803921569,0.525,0.584905660377,0.592592592593,0.5,0.510204081633,0.577777777778,0.45652173913,0.608695652174,0.340909090909,0.425925925926,0.375,0.47619047619,0.465517241379,0.369565217391,0.45652173913,0.581395348837,0.634615384615,0.581818181818,0.434782608696,0.555555555556,0.566037735849,0.485714285714,0.619047619048,0.461538461538,0.547169811321,0.533333333333,0.46875,0.540540540541,0.424242424242,0.489795918367,0.435897435897,0.315789473684,0.515151515152,0.5,0.607142857143,0.6,0.517857142857,0.478260869565,0.510638297872,0.559322033898,0.574074074074,0.377358490566,0.454545454545,0.604166666667,0.705882352941,0.511111111111,0.4375,0.595238095238,0.53488372093,0.757575757576,0.452830188679,0.538461538462,0.58,0.967741935484,0.777777777778,0.423076923077,0.511627906977,0.862068965517,0.5,0.539682539683,0.431818181818,0.451612903226,0.568181818182,0.475,0.457142857143,0.578947368421,0.568965517241,0.490909090909,0.545454545455,0.450980392157,0.388888888889,0.411764705882,0.612244897959,0.525423728814,0.379310344828,0.415094339623,0.892857142857,0.490196078431,0.487804878049,0.368421052632,0.509433962264,0.5,0.428571428571,0.481481481481,0.617647058824,0.413043478261,0.466666666667,0.627906976744,0.522727272727,0.520833333333,0.490196078431,0.489361702128,0.53488372093,0.58,0.526315789474,0.411764705882,0.516129032258,0.526315789474,0.435897435897,0.540540540541,0.519230769231,0.372093023256,0.557692307692,0.325581395349,0.733333333333,0.71875,0.659090909091,0.525423728814,0.536585365854,0.510638297872,0.5,0.563636363636,0.469387755102,0.488372093023,0.469387755102,0.44,1.0,0.616666666667,0.5,0.461538461538,0.509433962264,0.428571428571,0.431818181818,0.432432432432,0.448979591837,0.529411764706,0.51724137931,0.458333333333,0.410256410256,0.348837209302,0.488372093023,0.527272727273,0.708333333333,0.608695652174,0.581395348837,0.605263157895,0.418604651163,0.552631578947,0.472222222222,0.615384615385,0.707317073171,0.459016393443,0.490909090909,0.375,0.58064516129,0.627450980392,0.36170212766,0.475,0.480769230769,0.574468085106,0.744680851064,0.492063492063,0.489795918367,0.520833333333,0.509090909091,0.62,0.536585365854,0.53488372093,0.528301886792,0.471698113208,0.553191489362,0.595744680851,0.5,0.5,0.618181818182,0.404255319149,0.531914893617,0.644444444444,0.452380952381,0.588235294118,0.357142857143,0.487179487179,0.5,0.542372881356,0.423728813559,0.583333333333,0.534482758621,0.527777777778,0.404255319149,0.488372093023,0.526315789474,0.56,0.54,0.403846153846,0.40350877193,0.54,0.64,0.578947368421,0.5,0.589285714286,0.441860465116,0.355555555556,0.563636363636,0.558139534884,0.571428571429,0.317073170732,0.466666666667,0.372093023256,0.414634146341,0.391304347826,0.363636363636,0.4,0.489361702128,0.521739130435,0.489795918367,0.511111111111,0.469387755102,0.555555555556,0.5,0.625,0.487804878049,0.441860465116,0.545454545455,0.372093023256,0.509803921569,0.525423728814,0.418604651163,0.423076923077,0.5,0.516129032258,0.5,0.492063492063,0.5,0.488372093023,0.479166666667,0.4,0.405405405405,0.825,0.604166666667,0.470588235294,0.641025641026,0.565217391304,0.608695652174,0.520833333333,0.465517241379,0.34693877551,0.433962264151,0.446428571429,0.433962264151,0.441860465116,0.489795918367,0.434782608696,0.355555555556,0.509433962264,0.552631578947,0.509090909091,0.44,0.488888888889,0.435897435897,0.454545454545,0.645833333333,0.354166666667,0.36170212766,0.428571428571,0.652173913043,0.622222222222,0.592592592593,0.34,0.574468085106,0.5625,0.487179487179,0.549019607843,0.434782608696,0.4375,0.652173913043,0.4375,0.485714285714,0.425,0.48,0.574468085106,0.468085106383,0.511627906977,0.58064516129,0.536585365854,0.555555555556,0.444444444444,0.358490566038,0.527777777778,0.323529411765,0.577777777778,0.483870967742,0.469387755102,0.529411764706,0.450980392157,0.5,0.416666666667,0.333333333333,0.514285714286,0.488888888889,0.489795918367,0.447368421053,0.545454545455,0.418604651163,0.55,0.586206896552,0.451612903226,0.625,0.59649122807,0.703703703704,0.549019607843,0.465517241379,0.454545454545,0.631578947368,0.657894736842,0.475,0.56,0.571428571429,0.382352941176,0.439024390244,0.571428571429,0.581818181818,0.613636363636,0.451612903226,0.388888888889,0.521739130435,1.0,0.346153846154,0.416666666667,0.522727272727,0.454545454545,0.526315789474,0.425531914894,0.354166666667,0.526315789474,0.454545454545,0.6,0.418181818182,0.469387755102,0.543859649123,0.541666666667,0.527777777778,0.551724137931,0.416666666667,0.547619047619,0.589743589744,0.53488372093,0.531914893617,0.609756097561,0.571428571429,0.627906976744,0.488888888889,0.609756097561,0.365853658537,0.5,0.474576271186,0.490566037736,0.470588235294,0.583333333333,0.577777777778,0.545454545455,0.463414634146,0.444444444444,0.62962962963,0.543859649123,0.46,0.606060606061,0.574468085106,0.354838709677,0.486486486486,0.585365853659,0.5,0.5,0.446808510638,0.52380952381,0.552631578947,0.355555555556,0.509433962264,0.351351351351,0.565217391304,0.608695652174,0.625,0.488888888889,0.5,0.521739130435,0.509433962264,0.481481481481,0.485714285714,0.555555555556,0.511627906977,0.510638297872,0.357142857143,0.5,0.547169811321,0.52,0.574074074074,0.379310344828,0.418604651163,0.458333333333,0.524590163934,0.483870967742,0.54,0.452380952381,0.415094339623,0.528301886792,0.375,0.625,0.478260869565,0.45652173913,0.530612244898,0.558823529412,0.557692307692,0.444444444444,0.567567567568,0.333333333333,0.666666666667,0.5,0.576923076923,0.6,0.555555555556,0.517857142857,0.482142857143,0.4,0.531914893617,0.444444444444,0.471698113208,0.607843137255,0.489361702128,0.521739130435,0.65306122449,0.46511627907,0.596153846154,0.528301886792,0.472222222222,0.389830508475,0.568965517241,0.555555555556,0.52380952381,0.577777777778,0.69696969697,0.384615384615,0.513513513514,0.522727272727,0.586956521739,0.444444444444,0.568181818182,0.48,0.604651162791,0.457142857143,0.428571428571,0.666666666667,0.48275862069,0.535714285714,0.561403508772,0.5,0.511627906977,0.528301886792,0.428571428571,0.428571428571,0.444444444444,0.339285714286,0.452380952381,0.487179487179,0.422222222222,0.459459459459,0.617021276596,0.595238095238,0.529411764706,0.555555555556,0.553571428571,0.321428571429,0.490566037736,0.457142857143,0.454545454545,0.451612903226,0.377358490566,0.535714285714,0.561403508772,0.425531914894,0.447368421053,0.458333333333,0.55,0.583333333333,0.472222222222,0.634615384615,0.459459459459,0.468085106383,0.527777777778,0.641509433962,0.458333333333,0.541666666667,0.5,0.491228070175,0.586956521739,0.344827586207,0.477272727273,0.603773584906,0.48275862069,0.5,0.511111111111,0.441860465116,0.458333333333,0.492753623188,0.490196078431,0.568181818182,0.59375,0.618181818182,0.611111111111,0.531914893617,0.609756097561,0.5,0.533333333333,0.451612903226,0.54347826087,0.45652173913,0.54347826087,0.428571428571,0.354166666667,0.411764705882,0.5,0.477272727273,0.451612903226,0.438596491228,0.469387755102,0.415094339623,0.470588235294,0.512820512821,0.470588235294,0.545454545455,0.607843137255,0.5,0.489795918367,0.471698113208,0.418604651163,0.529411764706,0.6,0.560975609756,0.632653061224,0.490196078431,0.4,0.454545454545,0.510204081633,0.468085106383,0.673469387755,0.510204081633,0.540540540541,0.509090909091,0.517857142857,0.333333333333,0.567567567568,0.63829787234,0.526315789474,0.5625,0.416666666667,0.5,0.4375,0.483333333333,0.34693877551,0.428571428571,0.450980392157,0.566037735849,0.636363636364,0.54,0.5,0.519230769231,0.6,0.618181818182,0.592592592593,0.551020408163,0.617021276596,0.490196078431,0.608695652174,0.630434782609,0.509803921569,0.534482758621,0.472727272727,0.54,0.510204081633,0.526315789474,0.566666666667,0.428571428571,0.630434782609,0.627450980392,0.567567567568,0.511627906977,0.5,0.414634146341,0.245283018868,0.571428571429,0.520833333333,0.473684210526,0.56,0.540983606557,0.521739130435,0.431034482759,0.583333333333,0.677419354839,0.475,0.563636363636,0.531914893617,0.529411764706,0.5,0.413043478261,0.44,0.425531914894,0.358974358974,0.542372881356,0.53125,0.414634146341,0.42,0.386363636364,0.40350877193,0.488372093023,0.520833333333,0.517857142857,0.512195121951,0.487179487179,0.609756097561,0.53488372093,0.612244897959,0.45,0.441176470588,0.509433962264,0.52380952381,0.354838709677,0.613636363636,0.459459459459,0.358490566038,0.488888888889,0.553191489362,0.461538461538,0.40625,0.452380952381,0.333333333333,0.351351351351,0.54,0.515151515152,0.478260869565,0.5,0.481481481481,0.425925925926,0.469387755102,0.461538461538,0.517857142857,0.463414634146,0.585365853659,0.454545454545,0.357142857143,0.583333333333,0.555555555556,0.5,0.5,0.617647058824,0.530612244898,0.488888888889,0.531914893617,0.444444444444,0.625,0.45652173913,0.545454545455,0.354166666667,0.555555555556,0.5,0.5625,0.5,0.470588235294,0.5625,0.369565217391,0.416666666667,0.446808510638,0.490566037736,0.52,0.391304347826,0.622950819672,0.477272727273,0.487179487179,0.481481481481,0.461538461538,0.52,0.568181818182,0.452380952381,0.5,0.530612244898,0.28125,0.516129032258,0.627450980392,0.461538461538,0.54,0.555555555556,0.540983606557,0.577777777778,0.634146341463,0.389830508475,0.428571428571,0.5,0.604166666667,0.375,0.5,0.48275862069,0.30612244898,0.454545454545,0.422222222222,0.578947368421,0.382978723404,0.625,0.577777777778,0.53488372093,0.394736842105,0.473684210526,0.571428571429,0.369565217391,0.423076923077,0.416666666667,0.487179487179,0.612244897959,0.5,0.476923076923,0.533333333333,0.541666666667,0.596153846154,0.566666666667,0.553191489362,0.595744680851,0.560975609756,0.6,0.516129032258,0.6,0.611111111111,0.480769230769,0.568181818182,0.578947368421,0.490196078431,0.63829787234,0.53488372093,0.4,0.533333333333,0.551724137931,0.536585365854,0.537037037037,0.55223880597,0.527777777778,0.513513513514,0.526315789474,0.590909090909,0.537037037037,0.5,0.566666666667,0.461538461538,0.379310344828,0.530612244898,0.58064516129,0.55,0.418604651163,0.558139534884,0.431818181818,0.619047619048,0.486486486486,0.441176470588,0.527777777778,0.468085106383,0.549019607843,0.466666666667,0.615384615385,0.5,0.583333333333,0.516129032258,0.384615384615,0.589285714286,0.574468085106,0.744680851064,0.510638297872,0.458333333333,0.381818181818,0.5,0.447368421053,0.55737704918,0.65306122449,0.612244897959,0.508771929825,0.482142857143,0.483870967742,0.508771929825,0.529411764706,0.512820512821,0.622641509434,0.571428571429,0.386363636364,0.469387755102,0.43137254902,0.523076923077,0.548387096774,0.464285714286,0.458333333333,0.512195121951,0.447368421053,0.463414634146,0.571428571429,0.552631578947,0.54347826087,0.672727272727,0.490909090909,0.549019607843,0.617021276596,0.578947368421,0.454545454545,0.418604651163,0.625,0.479166666667,0.385964912281,0.5,0.448275862069,0.557692307692,0.543859649123,0.560975609756,0.380952380952,0.541666666667,0.595238095238,0.589285714286,0.551724137931,0.45652173913,0.549019607843,0.416666666667,0.513513513514,0.62,0.475,0.540540540541,0.571428571429,0.47619047619,0.490566037736,0.446808510638,0.346153846154,0.488372093023,0.54347826087,0.5,0.553191489362,0.490909090909,0.468085106383,0.441860465116,0.606060606061,0.46,0.551020408163,0.4,0.65,0.536585365854,0.463414634146,0.457627118644,0.48275862069,0.475,0.416666666667,0.5,0.5,0.514705882353,0.5,0.485714285714,0.508474576271,0.581818181818,0.525423728814,0.487804878049,0.468085106383,0.520833333333,0.595744680851,0.48275862069,0.55,0.512195121951,0.53488372093,0.522727272727,0.547619047619,0.591836734694,0.525,0.512195121951,0.386363636364,0.508196721311,0.547169811321,0.5625,0.46875,0.488888888889,0.583333333333,0.5,0.612244897959,0.452380952381,0.613636363636,0.53125,0.606557377049,0.5,0.644444444444,0.644444444444,0.5,0.490196078431,0.416666666667,0.547169811321,0.434782608696,0.462962962963,0.53488372093,0.555555555556,0.551020408163,0.702702702703,0.547619047619,0.444444444444,0.560606060606,0.488372093023,0.342105263158,0.666666666667,0.294117647059,0.6,0.521739130435,0.551020408163,0.553191489362,0.44,0.333333333333,0.487804878049,0.560975609756,0.434782608696,0.512820512821,0.45,0.478260869565,0.490196078431,0.586206896552,0.551020408163,0.583333333333,0.490909090909,0.528301886792,0.436363636364,0.385964912281,0.571428571429,0.375,0.488888888889,0.478260869565,0.591836734694,0.56,0.571428571429,0.490909090909,0.608695652174,0.4375,0.484848484848,0.558139534884,0.471428571429,0.553191489362,0.363636363636,0.533333333333,0.457142857143,0.5,0.605263157895,0.408163265306,0.55,0.666666666667,0.394736842105,0.475,0.5,0.490909090909,0.461538461538,0.454545454545,0.625,0.473684210526,0.604651162791,0.612244897959,0.604166666667,0.489361702128,0.441860465116,0.5,0.432432432432,0.377358490566,0.511627906977,0.5,0.461538461538,0.682926829268,0.5625,0.583333333333,0.564516129032,0.372549019608,0.558139534884,0.558139534884,0.456140350877,0.555555555556,0.468085106383,0.487804878049,0.552631578947,0.473684210526,0.43137254902,0.548387096774,0.5,0.563636363636,0.421052631579,0.589743589744,0.571428571429,0.59375,0.446808510638,0.477272727273,0.615384615385,0.645833333333,0.604651162791,0.5,0.463414634146,0.531914893617,0.362068965517,0.471698113208,0.466666666667,0.555555555556,0.44,0.520833333333,0.5625,0.519230769231,0.490566037736,0.564102564103,1.0,1.0,1.0,0.625,0.6,0.711111111111,0.521739130435,0.521739130435,0.425531914894,0.45652173913,0.480769230769,0.541666666667,0.525,0.583333333333,0.566666666667,0.442307692308,0.509803921569,0.347826086957,0.403846153846,0.404255319149,0.53488372093,0.407407407407,0.621621621622,0.452380952381,0.628571428571,0.5,0.463414634146,0.461538461538,0.575,0.545454545455,0.522727272727,0.358974358974,0.489795918367,0.450980392157,0.558139534884,0.379310344828,0.538461538462,0.466666666667,0.571428571429,0.42,0.547619047619,0.344827586207,0.433333333333,0.428571428571,0.421052631579,0.487804878049,0.481481481481,0.473684210526,0.468085106383,0.377358490566,0.551020408163,0.578947368421,0.425925925926,0.555555555556,0.385964912281,0.509803921569,0.509433962264,0.391304347826,0.409090909091,0.538461538462,0.454545454545,0.542372881356,0.5,0.56862745098,0.414634146341,0.683333333333,0.4,0.531914893617,0.265306122449,0.571428571429,0.521739130435,0.46,0.433333333333,0.519230769231,0.63829787234,0.440677966102,0.509803921569,0.489795918367,0.896551724138,0.555555555556,0.450980392157,0.46875,0.451612903226,0.604651162791,0.479166666667,0.386363636364,0.454545454545,0.6,0.647058823529,0.472222222222,0.484848484848,0.571428571429,0.520833333333,0.720930232558,0.489795918367,0.586206896552,0.433962264151,0.615384615385,0.574468085106,0.604166666667,0.525423728814,0.489361702128,0.407407407407,0.645833333333,0.563636363636,0.490909090909,0.46875,0.484848484848,0.5,0.421052631579,0.428571428571,0.36,0.54,0.48,0.541666666667,0.386363636364,0.461538461538,0.545454545455,0.509803921569,0.520833333333,0.603773584906,0.526315789474,0.595744680851,0.642857142857,0.566037735849,0.5,0.365384615385,0.509090909091,0.407407407407,0.5,0.541666666667,0.5625,0.571428571429,0.603174603175,0.565217391304,0.4375,0.510638297872,0.512820512821,0.477272727273,0.56862745098,0.515625,0.472727272727,0.396226415094,0.557692307692,0.421052631579,0.509433962264,0.565217391304,0.511627906977,0.425925925926,0.525,0.375,0.482142857143,0.468085106383,0.568965517241,0.577777777778,0.510638297872,0.4,0.391304347826,0.682926829268,0.5,0.521739130435,0.607843137255,0.507462686567,0.490196078431,0.490909090909,0.418181818182,0.51724137931,0.51724137931,0.529411764706,0.409090909091,0.472727272727,0.488888888889,0.48,0.525,0.511627906977,0.4,0.454545454545,0.488888888889,0.411764705882,0.483870967742,0.461538461538,0.617021276596,0.518518518519,0.520833333333,0.354838709677,0.566666666667,0.411764705882,0.568181818182,0.458333333333,0.469387755102,0.549019607843,0.53125,0.471698113208,0.532258064516,0.46,0.511111111111,0.52380952381,0.475409836066,0.421052631579,0.422222222222,0.512820512821,0.466666666667,0.488888888889,0.452380952381,0.472727272727,0.48275862069,0.545454545455,0.462962962963,0.47619047619,0.617021276596,0.468085106383,0.463414634146,0.42,0.423076923077,0.433962264151,0.5,0.318181818182,0.466666666667,0.5,0.58,0.54,0.46511627907,0.536585365854,0.42,0.396226415094,0.351851851852,0.612244897959,0.488372093023,0.595744680851,0.5,0.490566037736,0.411764705882,0.466666666667,0.588235294118,0.536585365854,0.574074074074,0.428571428571,0.333333333333,0.438596491228,0.333333333333,0.530612244898,0.489795918367,0.558139534884,0.46511627907,0.365384615385,0.5,0.38,0.568181818182,0.466666666667,0.533333333333,0.413793103448,0.566666666667,0.533333333333,0.5625,0.604166666667,0.431818181818,0.727272727273,0.577464788732,0.571428571429,0.457627118644,0.43137254902,0.357142857143,0.377358490566,0.530612244898,0.529411764706,0.47619047619,0.508771929825,0.384615384615,0.367346938776,0.583333333333,0.409090909091,0.46,0.525423728814,0.456140350877,0.425925925926,0.559322033898,0.5,0.72972972973,0.555555555556,0.489795918367,0.592592592593,0.487179487179,0.489795918367,0.588235294118,0.545454545455,0.42,0.333333333333,0.416666666667,0.477272727273,0.439024390244,0.528301886792,0.407407407407,0.534482758621,0.6,0.462962962963,0.391304347826,0.440677966102,0.518518518519,0.46511627907,0.466666666667,0.5,0.433333333333,0.46,0.5,0.487804878049,0.459016393443,0.528301886792,0.473684210526,0.566666666667,0.480769230769,0.448979591837,0.418604651163,0.549019607843,0.403846153846,0.44,0.509803921569,0.512195121951,0.586956521739,0.52380952381,0.514285714286,0.54,0.581395348837,0.551020408163,0.46511627907,0.425925925926,0.407407407407,0.55,0.560975609756,0.513513513514,0.51724137931,0.630434782609,0.517857142857,0.511111111111,0.47619047619,0.62,0.553571428571,0.535714285714,0.569230769231,0.375,0.551020408163,0.482142857143,0.641509433962,0.471698113208,0.625,0.5625,0.516129032258,0.470588235294,0.409090909091,0.479166666667,0.428571428571,0.358490566038,0.5,0.464285714286,0.630434782609,0.53488372093,0.513513513514,0.536585365854,0.557692307692,0.48,0.471698113208,0.614035087719,0.54,0.428571428571,0.492753623188,0.454545454545,0.5,0.438596491228,0.483870967742,0.588235294118,0.472222222222,0.488372093023,0.416666666667,0.5,0.660377358491,0.5,0.540540540541,0.390243902439,0.514285714286,0.5,0.452380952381,0.5,0.439024390244,0.547619047619,0.431818181818,0.568965517241,0.542857142857,0.458333333333,0.484848484848,0.674418604651,0.428571428571,0.5,0.466666666667,0.488372093023,0.545454545455,0.444444444444,0.413043478261,0.436363636364,0.536585365854,0.407407407407,0.431818181818,0.431818181818,0.367346938776,0.428571428571,0.425925925926,0.5,0.477272727273,0.609756097561,0.510638297872,0.413043478261,0.480769230769,0.561403508772,0.58,0.488372093023,0.578947368421,0.472727272727,0.460317460317,0.613636363636,0.41935483871,0.440677966102,0.522727272727,0.56862745098,0.4,0.446808510638,0.513513513514,0.4,0.514285714286,0.435897435897,0.447368421053,0.509803921569,0.5,0.48,0.578947368421,0.555555555556,0.44,0.489795918367,0.475409836066,0.539682539683,0.578947368421,0.43137254902,0.396226415094,0.529411764706,0.490196078431,0.48,0.571428571429,0.566037735849,0.5,0.490196078431,0.555555555556,0.510638297872,0.428571428571,0.4375,0.404255319149,0.58,0.407407407407,0.403846153846,0.326530612245,0.511627906977,0.421052631579,0.5,0.439024390244,0.448275862069,0.54347826087,0.5625,0.5,0.425925925926,0.489361702128,0.488372093023,0.512195121951,0.446808510638,0.588235294118,0.52,0.468085106383,0.5,0.5,0.473684210526,0.585365853659,0.604651162791,0.578947368421,0.472222222222,0.591836734694,0.458333333333,0.468085106383,0.43137254902,0.380952380952,0.416666666667,0.578947368421,0.43137254902,0.566666666667,0.392857142857,0.53488372093,0.515151515152,0.55737704918,0.375,0.578947368421,0.540540540541,0.470588235294,0.551020408163,0.526315789474,0.536585365854,0.384615384615,0.520833333333,0.394736842105,0.409090909091,0.648648648649,0.416666666667,0.769230769231,0.571428571429,0.552631578947,0.51724137931,0.52380952381,0.538461538462,0.592592592593,0.433962264151,0.4,0.515625,0.531914893617,0.530612244898,0.4375,0.4375,0.58,0.528301886792,0.440677966102,0.5,0.513513513514,0.588235294118,0.511627906977,0.452380952381,0.633333333333,0.507692307692,0.441176470588,0.5,0.560606060606,0.459016393443,0.326530612245,0.405405405405,0.416666666667,0.48275862069,0.333333333333,0.333333333333,0.5,0.625,0.583333333333,0.46,0.442307692308,0.527777777778,0.482142857143,0.525423728814,0.5,0.528301886792,0.565217391304,0.54347826087,0.489361702128,0.541666666667,0.634615384615,0.538461538462,0.489795918367,0.534482758621,0.315789473684,0.428571428571,0.4,0.545454545455,0.545454545455,0.404255319149,0.52,0.6,0.513513513514,0.413043478261,0.36170212766,0.473684210526,0.62962962963,0.566037735849,0.444444444444,0.607843137255,0.590909090909,0.4375,0.459459459459,0.35,0.488888888889,0.307692307692,0.425,0.470588235294,0.354166666667,0.55,0.625,0.520833333333,0.436363636364,0.4,0.466666666667,0.446153846154,0.457142857143,0.571428571429,0.537037037037,0.660714285714,0.5,0.47619047619,0.485714285714,0.5,0.428571428571,0.408163265306,0.4,0.489795918367,0.545454545455,0.485714285714,0.5,0.612244897959,0.490196078431,0.566666666667,0.56,0.6,0.534482758621,0.441176470588,0.418604651163,0.708333333333,0.593220338983,0.444444444444,0.3,0.549019607843,0.52,0.408163265306,0.5625,0.508474576271,0.528301886792,0.507462686567,0.6,0.289473684211,0.560975609756,0.604166666667,0.586956521739,0.659574468085,0.652173913043,0.613636363636,0.395833333333,0.395348837209,0.533333333333,0.653846153846,0.666666666667,0.522727272727,0.456140350877,0.581818181818,0.606060606061,0.467741935484,0.457627118644,0.361111111111,0.55223880597,0.644444444444,0.538461538462,0.352941176471,0.62,0.604166666667,0.428571428571,0.444444444444,0.454545454545,0.520833333333,0.594594594595,0.526315789474,0.446428571429,0.391304347826,0.462962962963,0.315789473684,0.585365853659,0.489361702128,0.549019607843,0.510638297872,0.510638297872,0.553191489362,0.611111111111,0.261904761905,0.431818181818,0.677419354839,0.543859649123,0.542857142857,0.5,0.565217391304,0.449275362319,0.529411764706,0.553191489362,0.393939393939,0.490196078431,0.441176470588,0.508771929825,0.5,0.516129032258,0.390243902439,0.363636363636,0.446428571429,0.442307692308,0.603773584906,0.421052631579,0.489361702128,0.578947368421,0.382352941176,0.566037735849,0.452380952381,0.425531914894,0.5,0.628571428571,0.473684210526,0.413043478261,0.552631578947,0.466666666667,0.549019607843,0.511111111111,0.596153846154,0.596774193548,0.5,0.564516129032,0.53488372093,0.489795918367,0.428571428571,0.386363636364,0.482142857143,0.393442622951,0.514285714286,0.444444444444,0.387096774194,0.487804878049,0.461538461538,0.433962264151,0.571428571429,0.386363636364,0.459459459459,0.537037037037,0.528301886792,0.625,0.509090909091,0.564102564103,0.677419354839,0.566666666667,0.604166666667,0.625,0.55,0.481481481481,0.479166666667,0.5,0.47619047619,0.622222222222,0.45,0.551724137931,0.530612244898,0.540983606557,0.395348837209,0.390243902439,0.441860465116,0.533333333333,0.467741935484,0.463768115942,0.477272727273,0.591836734694,0.603174603175,0.432432432432,0.520833333333,0.553571428571,0.52,0.564102564103,0.53488372093,0.52,0.487804878049,0.41935483871,0.673913043478,0.422222222222,0.607843137255,0.478260869565,0.538461538462,0.453125,0.470588235294,0.652173913043,0.428571428571,0.524590163934,0.585365853659,0.522727272727,0.508771929825,0.380952380952,0.560975609756,0.511627906977,0.578947368421,0.659090909091,0.478260869565,0.688888888889,0.369565217391,0.5,0.509803921569,0.5,0.441860465116,0.530612244898,0.465517241379,0.413043478261,0.479166666667,0.512195121951,0.487804878049,0.583333333333,0.483870967742,0.56,0.448979591837,0.342105263158,0.372093023256,0.545454545455,0.413793103448,0.5,0.35593220339,0.574074074074,0.5,0.444444444444,0.625,0.458333333333,0.382352941176,0.458333333333,0.478260869565,0.404255319149,0.607142857143,0.565217391304,0.4375,0.473684210526,0.486486486486,0.5,0.446808510638,0.450980392157,0.659090909091,0.575757575758,0.516129032258,0.603773584906,0.452830188679,0.523076923077,0.426229508197,0.529411764706,0.515625,0.56,0.444444444444,0.55,0.625,0.6,0.511627906977,0.434782608696,0.421052631579,0.586206896552,0.541666666667,0.5,0.531914893617,0.5,0.521739130435,0.48275862069,0.490909090909,0.536585365854,0.483870967742,0.46,0.448979591837,0.446808510638,0.489361702128,0.266666666667,0.478260869565,0.538461538462,0.411764705882,0.509803921569,0.617647058824,0.514285714286,0.5,0.465517241379,0.563636363636,0.6,0.566666666667,0.369565217391,0.375,0.4375,0.5,0.440677966102,0.541666666667,0.527777777778,0.438596491228,0.545454545455,0.511627906977,0.416666666667,0.384615384615,0.344827586207,0.45,0.511111111111,0.46,0.66,0.472727272727,0.448275862069,0.462686567164,0.577464788732,0.585714285714,0.604166666667,0.407407407407,0.468085106383,0.511111111111,0.537037037037,0.594202898551,0.757575757576,0.5,0.41935483871,0.657894736842,0.588235294118,0.56,0.6,0.558139534884,0.708333333333,0.407407407407,0.565217391304,0.555555555556,0.576923076923,0.45,0.45652173913,0.4,0.487804878049,0.638888888889,0.613636363636,0.685714285714,0.553191489362,0.432432432432,0.490196078431,0.46,0.619047619048,0.574468085106,0.56,0.377777777778,0.4,0.442307692308,0.473684210526,0.434782608696,0.415094339623,0.384615384615,0.491803278689,0.563636363636,0.530612244898,0.509803921569,0.608695652174,0.566666666667,0.526315789474,0.585365853659,0.516666666667,0.531914893617,0.492307692308,0.490909090909,0.516129032258,0.509090909091,0.433962264151,0.444444444444,0.541666666667,0.5,0.462962962963,0.6,0.5625,0.5,0.48,0.555555555556,0.480769230769,0.65,0.45652173913,0.547619047619,0.486486486486,0.511627906977,0.527272727273,0.454545454545,0.404255319149,0.555555555556,0.5,0.454545454545,0.607843137255,0.549019607843,0.605263157895,0.630434782609,0.553191489362,0.5,0.511111111111,0.63829787234,0.46511627907,0.4,0.431818181818,0.510638297872,0.545454545455,0.560606060606,0.593220338983,0.47619047619,0.5625,0.552631578947,0.648148148148,0.46511627907,0.661016949153,0.576271186441,0.467741935484,0.542372881356,0.488888888889,0.354166666667,0.586956521739,0.366666666667,0.418604651163,0.519230769231,0.378378378378,0.628571428571,0.484848484848,0.588235294118,0.469387755102,0.614035087719,0.611111111111,0.509803921569,0.547619047619,0.595744680851,0.568181818182,0.604166666667,0.444444444444,0.84,0.588235294118,0.538461538462,0.386363636364,0.446428571429,0.452380952381,0.517857142857,0.5,0.395348837209,0.471428571429,0.491803278689,0.509090909091,0.472222222222,0.531914893617,0.5,0.5,0.538461538462,0.59649122807,0.5,0.46511627907,0.512195121951,0.47619047619,0.444444444444,0.44,0.423728813559,0.512195121951,0.41935483871,0.459016393443,0.510204081633,0.395833333333,0.444444444444,0.464285714286,0.551020408163,0.375,0.591836734694,0.6,0.404761904762,0.568181818182,0.470588235294,0.367346938776,0.574468085106,0.382978723404,0.604651162791,0.558139534884,0.617647058824,0.553191489362,0.645833333333,0.727272727273,0.574074074074,0.46511627907,0.568181818182,0.414634146341,0.520833333333,0.533333333333,0.742857142857,0.438596491228,0.470588235294,0.575,0.438596491228,0.4,0.410714285714,0.340909090909,0.525,0.529411764706,0.444444444444,0.423076923077,0.473684210526,0.490566037736,0.518518518519,0.5,0.404255319149,0.533333333333,0.529411764706,0.322580645161,0.392857142857,0.547169811321,0.345454545455,0.488888888889,0.421052631579,0.405405405405,0.58,0.566666666667,0.38,0.446428571429,0.492063492063,0.470588235294,0.510638297872,0.368421052632,0.444444444444,0.469696969697,0.5,0.411764705882,0.5,0.566037735849,0.604651162791,0.491228070175,0.636363636364,0.625,0.4,0.444444444444,0.537037037037,0.480769230769,0.53488372093,0.477272727273,0.603773584906,0.474576271186,0.46,0.531914893617,0.434782608696,0.54,0.625,0.545454545455,0.421052631579,0.485714285714,0.56,0.617021276596,0.416666666667,0.533333333333,0.577777777778,0.433333333333,0.488372093023,0.409090909091,0.486486486486,0.475,0.425,0.64,0.520833333333,0.478260869565,0.519230769231,0.509090909091,0.459459459459,0.43137254902,0.6,0.357142857143,0.557692307692,0.434782608696,0.525423728814,0.574468085106,0.55,0.448275862069,0.529411764706,0.392857142857,0.552631578947,0.511111111111,0.428571428571,0.454545454545,0.525,0.463414634146,0.441176470588,0.519230769231,0.608695652174,0.387096774194,0.672727272727,0.44,0.520833333333,0.583333333333,0.490196078431,0.613636363636,0.408163265306,0.509433962264,0.414634146341,0.487804878049,0.517857142857,0.528301886792,0.454545454545,0.513513513514,0.6,0.594594594595,0.625,0.545454545455,0.478260869565,0.588235294118,0.53488372093,0.425925925926,0.461538461538,0.574468085106,0.481481481481,0.458333333333,0.45652173913,0.472727272727,0.45652173913,0.574074074074,0.583333333333,0.4,0.542372881356,0.583333333333,0.565217391304,0.441860465116,0.375,0.549019607843,0.526315789474,0.475,0.574074074074,0.551020408163,0.48,0.545454545455,0.536585365854,0.415094339623,0.574074074074,0.588235294118,0.510204081633,0.489361702128,0.372093023256,0.489361702128,0.434782608696,0.620689655172,0.527272727273,0.564516129032,0.38,0.760869565217,0.545454545455,0.5,0.547169811321,0.466666666667,0.509090909091,0.603773584906,0.531914893617,0.404255319149,0.65625,0.333333333333,0.290322580645,0.787878787879,0.525,0.533333333333,0.465517241379,0.454545454545,0.415094339623,0.380952380952,0.489795918367,0.518518518519,0.481481481481,0.43137254902,0.452830188679,0.675675675676,0.559322033898,0.519230769231,0.5,0.428571428571,0.538461538462,0.510638297872,0.510638297872,0.510204081633,0.56,0.5,0.426229508197,0.535714285714,0.511111111111,0.418604651163,0.5,0.470588235294,0.584905660377,0.566666666667,0.628571428571,0.592592592593,0.611111111111,0.421052631579,0.636363636364,0.591836734694,0.404761904762,0.511627906977,0.581818181818,0.5,0.333333333333,0.5,0.52,0.604651162791,0.451612903226,0.532258064516,0.479166666667,0.410714285714,0.516129032258,0.490566037736,0.489361702128,0.438596491228,0.566666666667,0.428571428571,0.559322033898,0.425,0.509090909091,0.59375,0.54347826087,0.576271186441,0.5,0.530612244898,0.46511627907,0.564102564103,0.454545454545,0.541666666667,0.553191489362,0.466666666667,0.511111111111,0.487804878049,0.5,0.44,0.510638297872,0.416666666667,0.446808510638,0.470588235294,0.490196078431,0.428571428571,0.682926829268,0.431818181818,0.444444444444,0.522727272727,0.391304347826,0.475,0.372093023256,0.487179487179,0.365853658537,0.5625,0.491228070175,0.448979591837,0.6875,0.536585365854,0.542857142857,0.578947368421,0.619047619048,0.549019607843,0.603773584906,0.526315789474,0.421052631579,0.52380952381,0.5,0.553191489362,0.604651162791,0.58,0.396825396825,0.615384615385,0.46511627907,0.411764705882,0.578947368421,0.46,0.325581395349,0.45,0.589285714286,0.404255319149,0.408163265306,0.563636363636,0.442307692308,0.387755102041,0.438596491228,0.573770491803,0.490566037736,0.571428571429,0.442307692308,0.469387755102,0.471698113208,0.574074074074,0.472727272727,0.436363636364,0.458333333333,0.545454545455,0.540540540541,0.555555555556,0.5,0.46,0.596153846154,0.526315789474,0.543859649123,0.428571428571,0.428571428571,0.531914893617,0.615384615385,0.560975609756,0.441860465116,0.609375,0.557692307692,0.53125,0.491525423729,0.56,0.48275862069,0.558823529412,0.423076923077,0.36170212766,0.421052631579,0.510204081633,0.450704225352,0.489361702128,0.45652173913,0.56862745098,0.510638297872,0.659574468085,0.555555555556,0.408163265306,0.472727272727,0.428571428571,0.688888888889,0.5625,0.461538461538,0.45,0.47619047619,0.318181818182,0.589743589744,0.508771929825,0.529411764706,0.489795918367,0.6,0.509090909091,0.535714285714,0.53488372093,0.46875,0.588235294118,0.489795918367,0.536585365854,0.530612244898,0.574468085106,0.454545454545,0.558139534884,0.6,0.525,0.35,0.473684210526,0.403846153846,0.564102564103,0.557692307692,0.525,0.545454545455,0.409090909091,0.46,0.549019607843,0.5,0.58,0.45652173913,0.625,0.433333333333,0.470588235294,0.415094339623,0.475,0.634615384615,0.56,0.52,0.619047619048,0.575,0.467741935484,0.41935483871,0.586956521739,0.444444444444,0.529411764706,0.568181818182,0.568181818182,0.509433962264,0.52380952381,0.533333333333,0.705882352941,0.382978723404,0.491525423729,0.666666666667,0.45,0.45,0.380952380952,0.509803921569,0.45,0.46875,0.487804878049,0.5,0.472727272727,0.659090909091,0.488888888889,0.454545454545,0.490566037736,0.553571428571,0.592592592593,0.553846153846,0.418604651163,0.491228070175,0.5,0.413043478261,0.448979591837,0.510638297872,0.5,0.46,0.541666666667,0.5,0.48,0.488888888889,0.452830188679,0.428571428571,0.510638297872,0.564102564103,0.380952380952,0.530612244898,0.578125,0.545454545455,0.673913043478,0.422222222222,0.636363636364,0.469387755102,0.6,0.450980392157,0.509803921569,0.481481481481,0.565217391304,0.54347826087,0.509803921569,0.604166666667,0.510204081633,0.555555555556,0.520833333333,0.393939393939,0.514285714286,0.611111111111,0.384615384615,0.531914893617,0.574468085106,0.423076923077,0.479166666667,0.413043478261,0.365384615385,0.326530612245,0.434782608696,0.515625,0.586206896552,0.583333333333,0.405405405405,0.533333333333,0.480769230769,0.482142857143,0.611111111111,0.481481481481,0.577777777778,0.59375,0.444444444444,0.555555555556,0.450980392157,0.470588235294,0.488372093023,0.470588235294,0.574074074074,0.612244897959,0.479166666667,0.654545454545,0.511627906977,0.511111111111,0.442307692308,0.526315789474,0.459459459459,0.590909090909,0.507692307692,0.486111111111,0.446428571429,0.491525423729,0.442307692308,0.576923076923,0.487804878049,0.46,0.603773584906,0.555555555556,0.48,0.444444444444,0.625,0.575,0.575,0.515625,0.392156862745,0.595238095238,0.310344827586,0.512820512821,0.416666666667,0.474576271186,0.413793103448,0.530612244898,0.423076923077,0.415094339623,0.462962962963,0.466666666667,0.480769230769,0.5625,0.333333333333,0.479452054795,0.441176470588,0.549019607843,0.442307692308,0.64,0.551020408163,0.529411764706,0.627450980392,0.45,0.382978723404,0.613636363636,0.666666666667,0.634146341463,0.702127659574,0.45652173913,0.5,0.521739130435,0.509803921569,0.479166666667,0.764705882353,0.516129032258,0.44,0.418181818182,0.433962264151,0.461538461538,0.404255319149,0.615384615385,0.607142857143,0.5,0.466666666667,0.473684210526,0.632653061224,0.632653061224,0.6,0.586206896552,0.407407407407,0.537037037037,0.479166666667,0.470588235294,0.608695652174,0.555555555556,0.450980392157,0.596153846154,0.377358490566,0.405405405405,0.588235294118,0.432432432432,0.578947368421,0.555555555556,0.345454545455,0.545454545455,0.511627906977,0.46511627907,0.472727272727,0.52,0.471698113208,0.392156862745,0.68,0.469387755102,0.363636363636,0.545454545455,0.422222222222,0.379310344828,0.522727272727,0.520833333333,0.48,0.472727272727,0.395833333333,0.389830508475,0.488372093023,0.709677419355,0.5625,0.552631578947,0.447368421053,0.593220338983,0.607142857143,0.475,0.565217391304,0.547169811321,0.469387755102,0.547169811321,0.622641509434,0.466666666667,0.511111111111,0.396226415094,0.52,0.423076923077,0.5,0.571428571429,0.575757575758,0.454545454545,0.46,0.578947368421,0.564516129032,0.509090909091,0.530303030303,0.59649122807,0.487804878049,0.564102564103,0.54347826087,0.487179487179,0.425,0.370967741935,0.5,0.54,0.438596491228,0.555555555556,0.56,0.51724137931,0.45652173913,0.388888888889,0.571428571429,0.649122807018,0.519230769231,0.5,0.447368421053,0.432432432432,0.490196078431,0.461538461538,0.540983606557,0.545454545455,0.538461538462,0.527777777778,0.431034482759,0.526315789474,0.512820512821,0.648648648649,0.555555555556,0.6,0.55223880597,0.436363636364,0.5,0.518518518519,0.516129032258,0.512195121951,0.62,0.471698113208,0.487179487179,0.457142857143,0.348837209302,0.490566037736,0.603448275862,0.594594594595,0.511111111111,0.511627906977,0.477272727273,0.589743589744,0.5,0.557692307692,0.529411764706,0.492063492063,0.421052631579,0.510638297872,0.528301886792,0.380952380952,0.482142857143,0.596774193548,0.413043478261,0.487179487179,0.65,0.423076923077,0.515625,0.375,0.688888888889,0.478260869565,0.410256410256,0.542857142857,0.615384615385,0.564102564103,0.416666666667,0.666666666667,0.377777777778,0.396226415094,0.717948717949,0.451612903226,0.536231884058,0.409090909091,0.62,0.46511627907,0.62,0.608695652174,0.595238095238,0.5,0.484848484848,0.461538461538,0.568181818182,0.448979591837,0.644444444444,0.52380952381,0.538461538462,0.588235294118,0.557692307692,0.487179487179,0.491525423729,0.452380952381,0.58064516129,0.358974358974,0.421052631579,0.555555555556,0.542857142857,0.588235294118,0.604651162791,0.581818181818,0.511111111111,0.431818181818,0.415094339623,0.510638297872,0.526315789474,0.51724137931,0.425925925926,0.574468085106,0.516129032258,0.489361702128,0.510638297872,0.472222222222,0.472222222222,0.46875,0.454545454545,0.595744680851,0.606060606061,0.453125,0.5625,0.5,0.517857142857,0.527272727273,0.729166666667,0.571428571429,0.620689655172,0.5625,0.439024390244,0.539682539683,0.5,0.6,0.44,0.511111111111,0.512820512821,0.477272727273,0.604166666667,0.584905660377,0.481481481481,0.511111111111,0.48275862069,0.487804878049,0.490909090909,0.490566037736,0.512195121951,0.396551724138,0.625,0.363636363636,0.423728813559,0.416666666667,0.450980392157,0.404761904762,0.6875,0.571428571429,0.53125,0.416666666667,0.611111111111,0.55737704918,0.241379310345,0.613636363636,0.513513513514,0.688888888889,0.727272727273,0.418604651163,0.613636363636,0.509803921569,0.487804878049,0.391304347826,0.415384615385,0.653846153846,0.486486486486,0.490566037736,0.446428571429,0.462686567164,0.418604651163,0.688888888889,0.5,0.531914893617,0.610169491525,0.438596491228,0.456140350877,0.564102564103,0.615384615385,0.52,0.571428571429,0.607843137255,0.418604651163,0.574468085106,0.5,0.392156862745,0.588235294118,0.612903225806,0.568181818182,0.53125,0.529411764706,0.492307692308,0.4375,0.473684210526,0.547169811321,0.5,0.425531914894,0.42,0.395348837209,0.46511627907,0.621621621622,0.5,0.480769230769,0.551020408163,0.651162790698,0.625,0.509803921569,0.480769230769,0.52380952381,0.5,0.571428571429,0.422222222222,0.448275862069,0.475409836066,0.52,0.583333333333,0.522727272727,0.43137254902,0.477272727273,0.512820512821,0.488372093023,0.452380952381,0.508474576271,0.480769230769,0.535714285714,0.45,0.471698113208,0.481481481481,0.515151515152,0.487179487179,0.54347826087,0.325581395349,0.295454545455,0.268292682927,0.641509433962,0.478260869565,0.421052631579,0.448275862069,0.5,0.471698113208,0.509090909091,0.422222222222,0.509803921569,0.461538461538,0.365384615385,0.553191489362,0.547619047619,0.404761904762,0.578947368421,0.387755102041,0.469387755102,0.611111111111,0.583333333333,0.326923076923,0.48,0.511627906977,0.521739130435,0.5,0.322033898305,0.509090909091,0.5,0.55223880597,0.448275862069,0.446153846154,0.448979591837,0.609756097561,0.384615384615,0.52,0.5,0.5,0.711538461538,0.524590163934,0.480769230769,0.470588235294,0.492063492063,0.521739130435,0.521126760563,0.4,0.468085106383,0.484375,0.563636363636,0.625,0.52,0.56,0.477272727273,0.488888888889,0.477272727273,0.470588235294,0.450980392157,0.454545454545,0.557692307692,0.459459459459,0.46875,0.577777777778,0.52,0.609375,0.545454545455,0.542372881356,0.633333333333,0.641509433962,0.469696969697,0.469696969697,0.449275362319,0.347826086957,0.410256410256,0.480769230769,0.541666666667,0.527272727273,0.41935483871,0.45,0.366666666667,0.418604651163,0.466666666667,0.409090909091,0.387755102041,0.489795918367,0.575,0.641025641026,0.461538461538,0.488372093023,0.545454545455,0.566037735849,0.525423728814,0.480769230769,0.411764705882,0.477272727273,0.578947368421,0.361111111111,0.347826086957,0.466666666667,0.615384615385,0.452830188679,0.489795918367,0.354166666667,0.35,0.519230769231,0.390243902439,0.358974358974,0.4,0.628571428571,0.448979591837,0.6,0.547619047619,0.466666666667,0.590909090909,0.622222222222,0.43137254902,0.448979591837,0.590909090909,0.530612244898,0.565217391304,0.543859649123,0.512195121951,0.451612903226,0.557142857143,0.462962962963,0.470588235294,0.553571428571,0.547169811321,0.488372093023,0.525,0.475,0.459459459459,0.488888888889,0.62,0.468085106383,0.442307692308,0.490196078431,0.492307692308,0.542372881356,0.5,0.576923076923,0.508771929825,0.452830188679,0.464285714286,0.576923076923,0.52380952381,0.442857142857,0.511627906977,0.447368421053,0.544117647059,0.480769230769,0.461538461538,0.470588235294,0.55737704918,0.511627906977,0.454545454545,0.5,0.615384615385,0.539682539683,0.435897435897,0.326530612245,0.583333333333,0.586956521739,0.537037037037,0.461538461538,0.6,0.482142857143,0.404255319149,0.478260869565,0.533333333333,0.450980392157,0.666666666667,0.621951219512,0.717948717949,0.678571428571,0.663157894737,0.211267605634,0.671232876712,0.28125,0.605633802817,0.594936708861,0.704225352113,0.657142857143,0.671428571429,0.653333333333,0.710526315789,0.741379310345,0.666666666667,0.671428571429,0.573770491803,0.671875,0.337837837838,0.324324324324,0.777777777778,0.7,0.714285714286,0.733333333333,0.615384615385,0.594594594595,0.675675675676,0.591836734694,0.716981132075,0.418604651163,0.520833333333,0.462962962963,0.282051282051,0.576923076923,0.473684210526,0.375,0.431818181818,0.5,0.472727272727,0.510204081633,0.414634146341,0.368421052632,0.46511627907,0.520833333333,0.616666666667,0.5,0.457142857143,0.5,0.538461538462,0.65,0.560975609756,0.5,0.5,0.428571428571,0.467741935484,0.511627906977,0.545454545455,0.467741935484,0.636363636364,0.524590163934,0.617021276596,0.558139534884,0.634146341463,0.446428571429,0.511627906977,0.651162790698,0.4375,0.547619047619,0.541666666667,0.509090909091,0.52380952381,0.466666666667,0.418604651163,0.466666666667,0.558823529412,0.45,0.434782608696,0.528301886792,0.522727272727,0.488888888889,0.489795918367,0.451612903226,0.468085106383,0.574468085106,0.571428571429,0.566666666667,0.387096774194,0.442307692308,0.468085106383,0.52,0.622641509434,0.583333333333,0.480769230769,0.571428571429,0.541666666667,0.563636363636,0.571428571429,0.428571428571,0.5,0.531914893617,0.456140350877,0.491803278689,0.463414634146,0.619047619048,0.459016393443,0.268292682927,0.555555555556,0.390243902439,0.564102564103,0.574074074074,0.5625,0.543859649123,0.611111111111,0.471698113208,0.545454545455,0.603773584906,0.638888888889,0.5,0.62,0.481481481481,0.6,0.509090909091,0.368421052632,0.416666666667,0.4,0.32,0.44776119403,0.631578947368,0.526315789474,0.472222222222,0.447368421053,0.66,0.551020408163,0.509433962264,0.619047619048,0.5,0.513513513514,0.509090909091,0.40350877193,0.4,0.371428571429,0.620689655172,0.389830508475,0.368421052632,0.545454545455,0.546875,0.519230769231,0.536585365854,0.566037735849,0.574468085106,0.557692307692,0.528301886792,0.589743589744,0.417910447761,0.463414634146,0.342857142857,0.537037037037,0.5,0.433962264151,0.607843137255,0.568965517241,0.826086956522,0.682926829268,0.612244897959,0.471698113208,0.545454545455,0.392156862745,0.666666666667,0.555555555556,0.491228070175,0.641025641026,0.533333333333,0.369565217391,0.477272727273,0.521739130435,0.5,0.534482758621,0.465517241379,0.537037037037,0.462962962963,0.507936507937,0.5,0.461538461538,0.487804878049,0.685185185185,0.466666666667,0.488372093023,0.591836734694,0.471698113208,0.520833333333,0.396551724138,0.417910447761,0.471698113208,0.508771929825,0.44,0.540540540541,0.46511627907,0.522727272727,0.6,0.486486486486,0.5,0.592592592593,0.542857142857,0.4375,0.47619047619,0.460317460317,0.454545454545,0.365853658537,0.410256410256,0.535714285714,0.560975609756,0.555555555556,0.428571428571,0.518518518519,0.518518518519,0.533333333333,0.565217391304,0.423076923077,0.578947368421,0.666666666667,0.5,0.5,0.512820512821,0.5,0.432432432432,0.515151515152,0.59375,0.571428571429,0.54,0.510638297872,0.439024390244,0.720930232558,0.925925925926,0.613636363636,0.458333333333,0.416666666667,0.574074074074,0.543859649123,0.575757575758,0.448979591837,0.519230769231,0.571428571429,0.511111111111,0.489795918367,0.56862745098,0.553571428571,0.560606060606,0.545454545455,0.492307692308,0.4,0.531914893617,0.46511627907,0.423076923077,0.563636363636,0.418181818182,0.410256410256,0.431818181818,0.446428571429,0.6,0.507246376812,0.507936507937,0.490566037736,0.53488372093,0.510204081633,0.585365853659,0.388888888889,0.386363636364,0.636363636364,0.489361702128,0.634146341463,0.591836734694,0.475409836066,0.537037037037,0.491525423729,0.555555555556,0.452830188679,0.521739130435,0.461538461538,0.569230769231,0.571428571429,0.574468085106,0.727272727273,0.563636363636,0.560975609756,0.5,0.461538461538,0.482142857143,0.5,0.477611940299,0.489361702128,0.452830188679,0.4375,0.5,0.459459459459,0.488372093023,0.48275862069,0.55737704918,0.530612244898,0.472222222222,0.425,0.574074074074,0.547169811321,0.573770491803,0.53488372093,0.578947368421,0.634146341463,0.508196721311,0.402777777778,0.537037037037,0.396226415094,0.507692307692,0.466666666667,0.448979591837,0.634920634921,0.388888888889,0.520833333333,0.464285714286,0.4,0.375,0.414634146341,0.475,0.547619047619,0.52,0.512820512821,0.56862745098,0.456140350877,0.439024390244,0.537037037037,0.468085106383,0.461538461538,0.551020408163,0.433962264151,0.48,0.596153846154,0.395833333333,0.673913043478,0.477272727273,0.548387096774,0.535714285714,0.45,0.446428571429,0.512195121951,0.428571428571,0.571428571429,0.448979591837,0.607843137255,0.5,0.568965517241,0.40350877193,0.436363636364,0.45,0.472727272727,0.520833333333,0.418181818182,0.47619047619,0.541666666667,0.592592592593,0.430555555556,0.520833333333,0.470588235294,0.5,0.426470588235,0.547169811321,0.477272727273,0.444444444444,0.5,0.536585365854,0.575,0.471698113208,0.5,0.509803921569,0.6,0.416666666667,0.5,0.304347826087,0.5,0.474576271186,0.56862745098,0.595744680851,0.54347826087,0.520833333333,0.404761904762,0.461538461538,0.530612244898,0.546875,0.547169811321,0.493333333333,0.410714285714,0.480769230769,0.444444444444,0.527272727273,0.490566037736,0.433333333333,0.545454545455,0.531914893617,0.516129032258,0.540540540541,0.65306122449,0.536585365854,0.450980392157,0.5,0.591836734694,0.5,0.468085106383,0.5,0.583333333333,0.621621621622,0.520833333333,0.617647058824,0.647058823529,0.428571428571,0.488888888889,0.459459459459,0.454545454545,0.527027027027,0.422222222222,0.458333333333,0.472727272727,0.488888888889,0.369565217391,0.454545454545,0.585365853659,0.533333333333,0.404255319149,0.578947368421,0.464285714286,0.575757575758,0.422222222222,0.317073170732,0.34375,0.509433962264,0.563636363636,0.594594594595,0.53125,0.511111111111,0.472222222222,0.557692307692,0.452830188679,0.454545454545,0.678571428571,0.530612244898,0.36170212766,0.391304347826,0.632653061224,0.520833333333,0.368421052632,0.413043478261,0.519230769231,0.478260869565,0.489795918367,0.509803921569,0.931034482759,0.571428571429,0.471698113208,0.5,0.5625,0.48275862069,0.807692307692,0.545454545455,0.538461538462,0.306451612903,0.508196721311,0.538461538462,0.46511627907,0.584905660377,0.382352941176,0.454545454545,0.402777777778,0.510638297872,0.48,0.538461538462,0.477272727273,0.574074074074,0.625,0.450980392157,0.409090909091,0.487804878049,1.0,0.678571428571,1.0,1.0,0.558139534884,0.318181818182,0.615384615385,0.433333333333,1.0,0.620689655172,0.395348837209,0.724137931034,0.733333333333,0.741935483871,0.677419354839,0.576923076923,0.564102564103,0.549019607843,0.510638297872,0.367647058824,0.492063492063,0.450980392157,0.442857142857,0.531914893617,0.574468085106,0.555555555556,0.657142857143,0.537037037037,0.490196078431,0.574074074074,0.518518518519,0.697674418605,0.264705882353,0.530612244898,0.568181818182,0.391304347826,0.46511627907,0.567567567568,0.463414634146,0.423076923077,0.543859649123,0.415094339623,0.471698113208,0.533333333333,0.657894736842,0.522727272727,0.551020408163,0.489361702128,0.557692307692,0.511111111111,0.536231884058,0.54347826087,0.4375,0.46,0.463414634146,0.46511627907,0.477272727273,0.521739130435,0.614285714286,0.473684210526,0.415384615385,0.5,0.458333333333,0.586956521739,0.526315789474,0.403846153846,0.71875,0.526315789474,0.527272727273,0.6,0.509803921569,0.5,0.46875,0.483333333333,0.442307692308,0.55,0.611111111111,0.454545454545,0.490566037736,0.5,0.395833333333,0.487804878049,0.5,0.525,0.454545454545,0.455882352941,0.45,0.422222222222,0.5,0.413793103448,0.509090909091,0.565217391304,0.48,0.510204081633,0.557692307692,0.489795918367,0.481481481481,0.433962264151,0.561403508772,0.511111111111,0.553571428571,0.416666666667,0.488372093023,0.561403508772,0.561403508772,0.490196078431,0.534482758621,0.648648648649,0.470588235294,0.561403508772,0.529411764706,0.45,0.40625,0.450980392157,0.511111111111,0.380952380952,0.46875,0.445945945946,0.48,0.481481481481,0.480769230769,0.526315789474,0.511111111111,0.538461538462,0.490196078431,0.486486486486,0.551020408163,0.457627118644,0.531914893617,0.433962264151,0.567567567568,0.552631578947,0.458333333333,0.428571428571,0.42,0.44262295082,0.571428571429,0.6,0.59375,0.584905660377,0.551724137931,0.636363636364,0.5,0.596153846154,0.628571428571,0.488372093023,0.586206896552,0.59649122807,0.558139534884,0.484848484848,0.633333333333,0.485714285714,0.557692307692,0.468085106383,0.439024390244,0.440677966102,0.462962962963,0.471698113208,0.428571428571,0.6,0.578947368421,0.621621621622,0.596153846154,0.51724137931,0.627906976744,0.583333333333,0.485714285714,0.391304347826,0.51724137931,0.605263157895,0.5625,0.645161290323,0.560975609756,0.5,0.444444444444,0.568181818182,0.457627118644,0.627906976744,0.509090909091,0.666666666667,0.571428571429,0.586206896552,0.565217391304,0.673913043478,0.457627118644,0.47619047619,0.45,0.535714285714,0.441860465116,0.358974358974,0.659574468085,0.30303030303,0.488372093023,0.5,0.58,0.58064516129,0.625,0.521739130435,0.615384615385,0.506849315068,0.537037037037,0.481481481481,0.607843137255,0.551020408163,0.605263157895,0.605263157895,0.589743589744,0.509803921569,0.446808510638,0.545454545455,0.52,0.549019607843,0.565217391304,0.6,0.462962962963,0.446808510638,0.689655172414,0.533333333333,0.513513513514,0.509433962264,0.510204081633,0.507692307692,0.545454545455,0.422222222222,0.472727272727,0.425925925926,0.441860465116,0.422222222222,0.511111111111,0.697674418605,0.384615384615,0.444444444444,0.478260869565,0.46875,0.454545454545,0.603174603175,0.351351351351,0.5,0.516129032258,0.560975609756,0.533333333333,0.380952380952,0.434782608696,0.542857142857,0.545454545455,0.390625,0.653846153846,0.756756756757,0.470588235294,0.490196078431,0.380952380952,0.40625,0.510638297872,0.380952380952,0.490909090909,0.466666666667,0.519230769231,0.45,0.485714285714,0.5,0.526315789474,0.6,0.422222222222,0.547619047619,0.447368421053,0.46875,0.469387755102,0.423076923077,0.531914893617,0.342105263158,0.416666666667,0.531914893617,0.488888888889,0.448275862069,0.48,0.393939393939,0.403846153846,0.309523809524,0.583333333333,0.452380952381,0.322580645161,0.5,0.595238095238,0.45,0.45,0.521739130435,0.512195121951,0.648148148148,0.5,0.56,0.425531914894,0.410714285714,0.619047619048,0.489795918367,0.5625,0.7,0.446428571429,0.42,0.4375,0.446428571429,0.48,0.53488372093,0.5,0.490196078431,0.460317460317,0.533333333333,0.68085106383,0.38,0.619047619048,0.549019607843,0.722222222222,0.5,0.510638297872,0.6,0.565217391304,0.545454545455,0.458333333333,0.375,0.387096774194,0.452380952381,0.468085106383,0.380952380952,0.470588235294,0.452380952381,0.393442622951,0.491228070175,0.434782608696,0.425531914894,0.469387755102,0.416666666667,0.612244897959,0.625,0.5,0.454545454545,0.488372093023,0.5,0.326923076923,0.40625,0.489795918367,0.418604651163,0.456140350877,0.5,0.566037735849,0.581395348837,0.423076923077,0.54,0.548387096774,0.552631578947,0.450980392157,0.51724137931,0.588235294118,0.382978723404,0.510204081633,0.508196721311,0.325581395349,0.531914893617,0.5625,0.436363636364,0.480769230769,0.436363636364,0.551020408163,0.521739130435,0.48,0.52380952381,0.447368421053,0.418604651163,0.511111111111,0.604651162791,0.527777777778,0.407407407407,0.549019607843,0.5,0.5,0.463414634146,0.515151515152,0.525423728814,0.384615384615,0.695652173913,0.508474576271,0.516129032258,0.648148148148,0.559322033898,0.536585365854,0.470588235294,0.550724637681,0.409090909091,0.512195121951,0.509803921569,0.457142857143,0.5,0.5,0.488888888889,0.410714285714,0.361111111111,0.461538461538,0.482142857143,0.5,0.527777777778,0.517857142857,0.404255319149,0.541666666667,0.609756097561,0.58064516129,0.838709677419,0.384615384615,0.391304347826,0.694444444444,0.514285714286,0.596774193548,0.349206349206,0.452830188679,0.566666666667,0.540540540541,0.463414634146,0.441860465116,0.543859649123,0.529411764706,0.43137254902,0.483870967742,0.595744680851,0.407407407407,0.5,0.409090909091,0.5625,0.565217391304,0.489795918367,0.475,0.489361702128,0.454545454545,0.5,0.438596491228,0.423076923077,0.413043478261,0.5,0.45,0.489361702128,0.357142857143,0.469387755102,0.442307692308,0.566037735849,0.547619047619,0.446808510638,0.510638297872,0.566666666667,0.444444444444,0.609756097561,0.525,0.457142857143,0.65,0.540540540541,0.558139534884,0.468085106383,0.55737704918,0.637931034483,0.481481481481,0.589285714286,0.632653061224,0.547619047619,0.5,0.603773584906,0.673469387755,0.553571428571,0.425,0.59649122807,0.678571428571,0.375,0.531914893617,0.491525423729,0.448979591837,0.529411764706,0.526315789474,0.5,0.418604651163,0.547169811321,0.483870967742,0.487179487179,0.5,0.512195121951,0.469387755102,0.555555555556,0.545454545455,0.487804878049,0.47619047619,0.436363636364,0.441176470588,0.454545454545,0.525,0.547619047619,0.482142857143,0.458333333333,0.54347826087,0.538461538462,0.547169811321,0.529411764706,0.478260869565,0.54,0.342105263158,0.527777777778,0.45652173913,0.477272727273,0.485714285714,0.434782608696,0.585365853659,0.619047619048,0.517857142857,0.410256410256,0.561403508772,0.382978723404,0.627906976744,0.470588235294,0.340909090909,0.627450980392,0.509803921569,0.510638297872,0.475,0.490196078431,0.487179487179,0.533333333333,0.54347826087,0.53488372093,0.538461538462,0.522388059701,0.446428571429,0.513513513514,0.585365853659,0.468085106383,0.285714285714,0.433962264151,0.543859649123,0.484375,0.581818181818,0.44,0.560975609756,0.514285714286,0.569230769231,0.377777777778,0.5,0.5,0.461538461538,0.583333333333,0.396226415094,0.433962264151,0.53488372093,0.377358490566,0.5625,0.604166666667,0.574468085106,0.629032258065,0.45,0.442307692308,0.548387096774,0.468085106383,0.529411764706,0.42,0.5,0.564516129032,0.326530612245,0.387755102041,0.489361702128,0.513513513514,0.588235294118,0.377358490566,0.339285714286,0.34,0.488888888889,0.511627906977,0.573770491803,0.4,0.48,0.491228070175,0.277777777778,0.529411764706,0.470588235294,0.489795918367,0.583333333333,0.480769230769,0.510204081633,0.463414634146,0.488372093023,0.34,0.527777777778,0.62,0.416666666667,0.444444444444,0.357142857143,0.45,0.4,0.384615384615,0.469387755102,0.428571428571,0.512820512821,0.489795918367,0.423076923077,0.512195121951,0.545454545455,0.516129032258,0.428571428571,0.615384615385,0.435483870968,0.611111111111,0.510638297872,0.452380952381,0.418604651163,0.574468085106,0.571428571429,0.442307692308,0.530612244898,0.46875,0.387096774194,0.490196078431,0.65,0.702702702703,0.44262295082,0.462962962963,0.551724137931,0.514705882353,0.511627906977,0.345454545455,0.387096774194,0.470588235294,0.367346938776,0.56862745098,0.571428571429,0.563636363636,0.5,0.525,0.576923076923,0.451612903226,0.409090909091,0.535714285714,0.56,0.470588235294,0.487179487179,0.424242424242,0.523076923077,0.473684210526,0.642857142857,0.310344827586,0.428571428571,0.43137254902,0.48275862069,0.490196078431,0.5,0.549019607843,0.612903225806,0.5,0.463414634146,0.459459459459,0.509433962264,0.436363636364,0.588235294118,0.447368421053,0.448275862069,0.56862745098,0.516129032258,0.512820512821,0.571428571429,0.44,0.390625,0.442307692308,0.538461538462,0.450980392157,0.527272727273,0.469387755102,0.564516129032,0.553191489362,0.54,0.491228070175,0.565217391304,0.475,0.431034482759,0.394736842105,0.6,0.553191489362,0.511627906977,0.38,0.6,0.5,0.491803278689,0.581395348837,0.4,0.55,0.508474576271,0.470588235294,0.479166666667,0.590909090909,0.571428571429,0.38,0.528301886792,0.617021276596,0.492537313433,0.466666666667,0.423728813559,0.416666666667,0.410256410256,0.5,0.454545454545,0.378787878788,0.710526315789,0.589743589744,0.5,0.4,0.479166666667,0.519230769231,0.5,0.51724137931,0.5,0.480769230769,0.528301886792,0.525423728814,0.367346938776,0.534482758621,0.5625,0.551020408163,0.415094339623,0.450980392157,0.418181818182,0.555555555556,0.477272727273,0.521739130435,0.531914893617,0.5,0.538461538462,0.45652173913,0.510638297872,0.404761904762,0.368421052632,0.431818181818,0.545454545455,0.44,0.428571428571,0.464285714286,0.519230769231,0.510204081633,0.54347826087,0.586206896552,0.566666666667,0.478260869565,0.473684210526,0.611940298507,0.5,0.56,0.589743589744,0.40625,0.466666666667,0.5,0.542857142857,0.7,0.5,0.64,0.586206896552,0.434782608696,0.590909090909,0.621621621622,0.545454545455,0.507936507937,0.631578947368,0.584905660377,0.571428571429,0.558139534884,0.551020408163,0.595744680851,0.541666666667,0.522727272727,0.454545454545,0.433962264151,0.612244897959,0.479166666667,0.533333333333,0.565217391304,0.520833333333,0.615384615385,0.566037735849,0.6,0.588235294118,0.434782608696,0.43137254902,0.566037735849,0.586206896552,0.5,0.707317073171,0.521739130435,0.528301886792,0.5,0.481481481481,0.489795918367,0.491228070175,0.5,0.520833333333,0.551724137931,0.479166666667,0.545454545455,0.423076923077,0.5,0.487804878049,0.516666666667,0.428571428571,0.552631578947,0.621621621622,0.441176470588,0.418604651163,0.6,0.565217391304,0.466666666667,0.470588235294,0.568181818182,0.625,0.592592592593,0.527777777778,0.511627906977,0.524590163934,0.609756097561,0.585365853659,0.642857142857,0.509803921569,0.617021276596,0.5,0.461538461538,0.481481481481,0.622222222222,0.630434782609,0.508771929825,0.630434782609,0.658536585366,0.58,0.574074074074,0.587301587302,0.52,0.566666666667,0.5625,0.651162790698,0.507936507937,0.392156862745,0.428571428571,0.423076923077,0.571428571429,0.448275862069,0.488372093023,0.560975609756,0.466666666667,0.486486486486,0.54347826087,0.530612244898,0.6,0.595238095238,0.6,0.5,0.46511627907,0.41935483871,0.490196078431,0.454545454545,0.478260869565,0.525423728814,0.581395348837,0.510204081633,0.571428571429,0.451612903226,0.454545454545,0.528301886792,0.514285714286,0.431818181818,0.458333333333,0.512195121951,0.473684210526,0.461538461538,0.377049180328,0.421052631579,0.55,0.525,0.442307692308,0.615384615385,0.595744680851,0.521739130435,0.575,0.557692307692,0.444444444444,0.490196078431,0.571428571429,0.522727272727,0.636363636364,0.622950819672,0.555555555556,0.431818181818,0.462962962963,0.561403508772,0.520833333333,0.531914893617,0.6,0.533333333333,0.440677966102,0.56862745098,0.482142857143,0.52380952381,0.489795918367,0.542372881356,0.527777777778,0.577777777778,0.470588235294,0.558139534884,0.512820512821,0.377777777778,0.477272727273,0.439024390244,0.54,0.490566037736,0.534482758621,0.58,0.526315789474,0.483333333333,0.584905660377,0.511111111111,0.466666666667,0.470588235294,0.583333333333,0.438596491228,0.416666666667,0.411764705882,0.471698113208,0.5,0.485294117647,0.581818181818,0.491228070175,0.465517241379,0.491228070175,0.512820512821,0.5,0.4,0.435483870968,0.511111111111,0.44,0.563636363636,0.344262295082,0.571428571429,0.5,0.512820512821,0.421052631579,0.666666666667,0.574468085106,0.466666666667,0.459016393443,0.666666666667,0.651162790698,0.538461538462,0.542372881356,0.603773584906,0.510638297872,0.435483870968,0.415094339623,0.685185185185,0.542857142857,0.415094339623,0.45652173913,0.547619047619,0.396226415094,0.5,0.553191489362,0.581818181818,0.659090909091,0.512820512821,0.285714285714,0.5,0.461538461538,0.595238095238,0.463414634146,0.432432432432,0.522727272727,0.595238095238,0.509803921569,0.470588235294,0.511627906977,0.617021276596,0.6,0.471698113208,0.465517241379,0.351851851852,0.54347826087,0.586206896552,0.520833333333,0.403846153846,0.355555555556,0.394736842105,0.333333333333,0.527272727273,0.428571428571,0.340425531915,0.531914893617,0.516666666667,0.446428571429,0.46511627907,0.489361702128,0.512820512821,0.488372093023,0.571428571429,0.45,0.604651162791,0.375,0.37037037037,0.4,0.666666666667,0.510204081633,0.645161290323,0.446808510638,0.516129032258,0.549019607843,0.571428571429,0.44,0.611111111111,0.675675675676,0.622222222222,0.473684210526,0.551724137931,0.637931034483,0.557692307692,0.511627906977,0.395348837209,0.53488372093,0.538461538462,0.529411764706,0.526315789474,0.421052631579,0.5,0.603773584906,0.59649122807,0.438596491228,0.490196078431,0.553571428571,0.576271186441,0.422222222222,0.5,0.408163265306,0.507246376812,0.46,0.528301886792,0.596153846154,0.553846153846,0.439024390244,0.509803921569,0.46511627907,0.492307692308,0.529411764706,0.46,0.5,0.454545454545,0.5,0.442307692308,0.463414634146,0.461538461538,0.621621621622,0.507462686567,0.526315789474,0.561403508772,0.509803921569,0.509803921569,0.540540540541,0.595238095238,0.54,0.491803278689,0.525423728814,0.483870967742,0.519230769231,0.538461538462,0.488888888889,0.68085106383,0.522727272727,0.45652173913,0.55,0.5,0.509433962264,0.603174603175,0.535714285714,0.537037037037,0.567567567568,0.372093023256,0.388888888889,0.555555555556,0.4,0.55,0.564516129032,0.622222222222,0.5,0.470588235294,0.622222222222,0.653846153846,0.596153846154,0.551020408163,0.868421052632,0.444444444444,0.583333333333,0.481481481481,0.425925925926,0.603773584906,0.436363636364,0.441176470588,0.485294117647,0.559322033898,0.547169811321,0.434782608696,0.491525423729,0.533333333333,0.530612244898,0.472727272727,0.512195121951,0.604651162791,0.466666666667,0.553571428571,0.4,0.622641509434,0.511111111111,0.424242424242,0.394736842105,0.6,0.490566037736,0.520833333333,0.423076923077,0.457627118644,0.632653061224,0.609756097561,0.428571428571,0.380952380952,0.410714285714,0.492063492063,0.574074074074,0.533333333333,0.451612903226,0.369565217391,0.585365853659,0.5,0.476923076923,0.5,0.5,0.488888888889,0.474576271186,0.56862745098,0.409836065574,0.513513513514,0.465517241379,0.559322033898,0.537037037037,0.596153846154,0.540983606557,0.533333333333,0.375,0.365384615385,0.555555555556,0.509090909091,0.651162790698,0.426229508197,0.531914893617,0.577777777778,0.511111111111,0.545454545455,0.512195121951,0.5,0.545454545455,0.444444444444,0.54347826087,0.511111111111,0.645833333333,0.5,0.435483870968,0.4375,0.535714285714,0.509803921569,0.516129032258,0.459016393443,0.634146341463,0.519230769231,0.357142857143,0.483333333333,0.452830188679,0.525,0.44,0.465517241379,0.471698113208,0.474576271186,0.450980392157,0.416666666667,0.404761904762,0.47619047619,0.410714285714,0.547619047619,0.487179487179,0.472222222222,0.375,0.51724137931,0.4375,0.551020408163,0.365384615385,0.452830188679,0.551020408163,0.448979591837,0.535211267606,0.609756097561,0.575757575758,0.388888888889,0.589285714286,0.518518518519,0.46,0.392156862745,0.565217391304,0.520833333333,0.358490566038,0.408163265306,0.379310344828,0.433333333333,0.433333333333,0.428571428571,0.48275862069,0.509803921569,0.448979591837,0.404761904762,0.487179487179,0.605263157895,0.361111111111,0.571428571429,0.478260869565,0.490909090909,0.453125,0.5,0.479166666667,0.40350877193,0.422222222222,0.529411764706,0.469387755102,0.517857142857,0.620689655172,0.553191489362,0.574074074074,0.525423728814,0.508474576271,0.581818181818,0.557692307692,0.583333333333,0.472222222222,0.513513513514,0.532258064516,0.481481481481,0.68,0.6,0.484375,0.512195121951,0.515151515152,0.45,0.439024390244,0.4375,0.625,0.421875,0.52380952381,0.611111111111,0.309090909091,0.372093023256,0.659090909091,0.657142857143,0.446808510638,0.454545454545,0.59649122807,0.642857142857,0.5,0.509090909091,0.452830188679,0.369565217391,0.5,0.383333333333,0.540983606557,0.590909090909,0.558139534884,0.566037735849,0.490909090909,0.617647058824,0.511111111111,0.526315789474,0.464285714286,0.450980392157,0.512195121951,0.380952380952,0.536585365854,0.458333333333,0.333333333333,0.606060606061,0.5,0.508474576271,0.5,0.522727272727,0.45652173913,0.456140350877,0.466666666667,0.4,0.56,0.531914893617,0.48,0.5,0.512195121951,0.528301886792,0.509090909091,0.581395348837,0.477272727273,0.561403508772,0.403846153846,0.54,0.408163265306,0.375,0.545454545455,0.603773584906,0.525,0.592592592593,0.58,0.487804878049,0.538461538462,0.509803921569,0.66,0.6,0.377358490566,0.6,0.619047619048,0.458333333333,0.456140350877,0.44,0.48,0.571428571429,0.45,0.541666666667,0.571428571429,0.53488372093,0.527777777778,0.54347826087,0.535714285714,0.521739130435,0.428571428571,0.535714285714,0.529411764706,0.589285714286,0.52380952381,0.642857142857,0.527272727273,0.478260869565,0.5,0.430769230769,0.557692307692,0.46511627907,0.630434782609,0.454545454545,0.434782608696,0.384615384615,0.526315789474,0.513513513514,0.558139534884,0.4,0.48,0.433962264151,0.584905660377,0.428571428571,0.52,0.641025641026,0.577777777778,0.441860465116,0.588235294118,0.538461538462,0.4,0.516666666667,0.490566037736,0.587301587302,0.5,0.540983606557,0.5,0.464285714286,0.377777777778,0.555555555556,0.59649122807,0.458333333333,0.415094339623,0.468085106383,0.487804878049,0.488888888889,0.529411764706,0.489361702128,0.54347826087,0.451612903226,0.489361702128,0.538461538462,0.421052631579,0.56,0.591836734694,0.462962962963,0.5,0.543859649123,0.526315789474,0.457142857143,0.509433962264,0.553191489362,0.428571428571,0.4375,0.608695652174,0.537037037037,0.4,0.587301587302,0.525423728814,0.519230769231,0.438596491228,0.444444444444,0.444444444444,0.571428571429,0.472727272727,0.438596491228,0.5625,0.512820512821,0.411764705882,0.529411764706,0.396226415094,0.380952380952,0.625,0.56862745098,0.508474576271,0.473684210526,0.591836734694,0.490909090909,0.436363636364,0.383333333333,0.396226415094,0.547169811321,0.404255319149,0.44,0.510204081633,0.511627906977,0.51724137931,0.461538461538,0.5,0.458333333333,0.36170212766,0.5,0.5,0.413793103448,0.485714285714,0.395833333333,0.48,0.425531914894,0.461538461538,0.448979591837,0.489361702128,0.428571428571,0.458333333333,0.404255319149,0.511627906977,0.540540540541,0.452380952381,0.469387755102,0.509090909091,0.456140350877,0.622222222222,0.391304347826,0.538461538462,0.444444444444,0.377049180328,0.481481481481,0.6,0.327586206897,0.519230769231,0.622641509434,0.55737704918,0.478260869565,0.5,0.5,0.5,0.571428571429,0.530612244898,0.433962264151,0.4,0.481481481481,0.394736842105,0.568181818182,0.533333333333,0.619047619048,0.357142857143,0.611111111111,0.409836065574,0.388888888889,0.5,0.488372093023,0.511627906977,0.521739130435,0.425531914894,0.458333333333,0.507246376812,0.551724137931,0.526315789474,0.489795918367,0.487804878049,0.513513513514,0.55737704918,0.474576271186,0.48275862069,0.508771929825,0.621621621622,0.413043478261,0.366666666667,0.418181818182,0.37037037037,0.529411764706,0.603773584906,0.933333333333,0.449275362319,0.46511627907,0.565217391304,0.565217391304,0.563636363636,0.482142857143,0.444444444444,0.5,0.526315789474,0.547619047619,0.52,0.533333333333,0.510204081633,0.509433962264,0.5,0.604166666667,0.541666666667,0.545454545455,0.558823529412,0.490566037736,0.461538461538,0.471698113208,0.385964912281,0.553191489362,0.553571428571,0.5,0.488372093023,0.511111111111,0.576923076923,0.454545454545,0.5,0.614035087719,0.470588235294,0.481481481481,0.490566037736,0.454545454545,0.528301886792,0.444444444444,0.55,0.465517241379,0.604166666667,0.611111111111,0.459459459459,0.511627906977,0.509433962264,0.5,0.434782608696,0.513513513514,0.545454545455,0.526315789474,0.5,0.490566037736,0.545454545455,0.404255319149,0.6,0.545454545455,0.48,0.490909090909,0.489795918367,0.489795918367,0.603773584906,0.481481481481,0.518518518519,0.5,0.474576271186,0.470588235294,0.363636363636,0.553846153846,0.531914893617,0.72,0.565217391304,0.46511627907,0.439024390244,0.541666666667,0.480769230769,0.595744680851,0.593220338983,0.5,0.403846153846,0.418604651163,0.509433962264,0.538461538462,0.52380952381,0.479166666667,0.461538461538,0.35,0.593220338983,0.522727272727,0.529411764706,0.5,0.55737704918,0.55737704918,0.644444444444,0.7,0.533333333333,0.517857142857,0.321428571429,0.5,0.47619047619,0.682926829268,0.472727272727,0.490566037736,0.627906976744,0.526315789474,0.461538461538,0.557692307692,0.578947368421,0.489795918367,0.425531914894,0.6,0.509090909091,0.575757575758,0.820512820513,0.5,0.815789473684,0.52,0.588235294118,0.514285714286,0.542372881356,0.5,0.45652173913,0.62,0.491525423729,0.509803921569,0.571428571429,0.473684210526,0.488372093023,0.52,0.545454545455,0.581818181818,0.338709677419,0.464788732394,0.535714285714,0.58,0.482142857143,0.529411764706,0.545454545455,0.6,0.551020408163,0.630434782609,0.469387755102,0.533333333333,0.492537313433,0.574074074074,0.472727272727,0.54347826087,0.574074074074,0.5,0.642857142857,0.578947368421,0.435483870968,0.392156862745,0.5,0.425531914894,0.511111111111,0.454545454545,0.531914893617,0.433333333333,0.631578947368,0.461538461538,0.479166666667,0.450980392157,0.439024390244,0.442307692308,0.4,0.666666666667,0.549019607843,0.5,0.511111111111,0.571428571429,0.45652173913,0.4375,0.46511627907,0.512195121951,0.5,0.549019607843,0.545454545455,0.409090909091,0.4,0.410256410256,0.560975609756,0.52380952381,0.510638297872,0.611111111111,0.423076923077,0.479166666667,0.545454545455,0.603773584906,0.52380952381,0.53488372093,0.46,0.418604651163,0.5,0.659090909091,0.45,0.38,0.480769230769,0.551724137931,0.641509433962,0.581395348837,0.56,0.446428571429,0.575,0.604166666667,0.511627906977,0.454545454545,0.466666666667,0.589285714286,0.469387755102,0.54,0.64406779661,0.487804878049,0.529411764706,0.431818181818,0.5,0.519230769231,0.733333333333,0.512195121951,0.466666666667,0.5,0.54,0.586956521739,0.521739130435,0.5625,0.450980392157,0.45652173913,0.520833333333,0.516666666667,0.568181818182,0.5,0.465517241379,0.470588235294,0.393939393939,0.464285714286,0.547169811321,0.452380952381,0.545454545455,0.566037735849,0.566037735849,0.477272727273,0.4,0.4375,0.542857142857,0.444444444444,0.45652173913,0.641025641026,0.431818181818,0.54347826087,0.354166666667,0.48275862069,0.529411764706,0.53125,0.5,0.465517241379,0.489795918367,0.438596491228,0.35,0.5,0.510204081633,0.472727272727,0.6,0.475409836066,0.551020408163,0.638888888889,0.479166666667,0.65306122449,0.488888888889,0.473684210526,0.529411764706,0.375,0.520833333333,0.653846153846,0.436363636364,0.512195121951,0.510638297872,0.447368421053,0.410256410256,0.408163265306,0.589743589744,0.584615384615,0.618181818182,0.512820512821,0.46511627907,0.519230769231,0.454545454545,0.47619047619,0.479166666667,0.621621621622,0.410256410256,0.509433962264,0.444444444444,0.489795918367,0.585365853659,0.5,0.489795918367,0.490196078431,0.642857142857,0.673469387755,0.538461538462,0.7,0.627906976744,0.6,0.5,0.5,0.491228070175,0.53488372093,0.636363636364,0.333333333333,0.407407407407,0.527777777778,0.636363636364,0.396551724138,0.470588235294,0.5,0.566666666667,0.612244897959,0.404761904762,0.6,0.588235294118,0.466666666667,0.533333333333,0.428571428571,0.593220338983,0.5,0.702702702703,0.390243902439,0.425,0.55,0.480769230769,0.507692307692,0.586956521739,0.515625,0.458333333333,0.479166666667,0.530612244898,0.548387096774,0.673469387755,0.673913043478,0.571428571429,0.6,0.534482758621,0.6,0.547619047619,0.561403508772,0.549019607843,0.478260869565,0.545454545455,0.515151515152,0.491228070175,0.5,0.566666666667,0.435897435897,0.590909090909,0.488372093023,0.525,0.592592592593,0.5,0.571428571429,0.54,0.326923076923,0.606060606061,0.410256410256,0.583333333333,0.516129032258,0.604651162791,0.458333333333,0.489361702128,0.490566037736,0.603773584906,0.576923076923,0.551020408163,0.714285714286,0.586956521739,0.471698113208,0.5,0.65,0.666666666667,0.561403508772,0.538461538462,0.551724137931,0.517857142857,0.470588235294,0.357142857143,0.655172413793,0.521739130435,0.540540540541,0.576923076923,0.547169811321,0.533333333333,0.511627906977,0.48275862069,0.5625,0.509090909091,0.35,0.452380952381,0.425925925926,0.528301886792,0.488372093023,0.435897435897,0.558139534884,0.441860465116,0.380952380952,0.642857142857,0.4,0.58,0.471698113208,0.372093023256,0.530612244898,0.555555555556,0.444444444444,0.416666666667,0.423728813559,0.359375,0.604166666667,0.446428571429,0.46875,0.428571428571,0.555555555556,0.574468085106,0.45,0.45,0.512195121951,0.488372093023,0.441860465116,0.413043478261,0.481481481481,0.509803921569,0.585365853659,0.735294117647,0.431818181818,0.568181818182,0.514285714286,0.543859649123,0.573770491803,0.5,0.380952380952,0.567567567568,0.43137254902,0.446808510638,0.518518518519,0.485714285714,0.487804878049,0.581395348837,0.555555555556,0.537037037037,0.576271186441,0.525,0.529411764706,0.441860465116,0.463414634146,0.421052631579,0.661016949153,0.481481481481,0.514285714286,0.450980392157,0.537037037037,0.615384615385,0.56,0.382352941176,0.545454545455,0.577777777778,0.574074074074,0.588235294118,0.558139534884,0.571428571429,0.442307692308,0.510638297872,0.6,0.538461538462,0.644444444444,0.52380952381,0.522727272727,0.435483870968,0.421052631579,0.55,0.536585365854,0.507692307692,0.574074074074,0.543859649123,0.559322033898,0.422222222222,0.555555555556,0.551724137931,0.411764705882,0.481481481481,0.540540540541,0.478260869565,0.425,0.418604651163,0.685185185185,0.469387755102,0.346153846154,0.390625,0.479166666667,0.357142857143,0.616666666667,0.53488372093,0.464285714286,0.431818181818,0.620689655172,0.521739130435,0.472222222222,0.45,0.55,0.5,0.490196078431,0.423076923077,0.45652173913,0.470588235294,0.645833333333,0.6,0.305555555556,0.526315789474,0.333333333333,0.444444444444,0.473684210526,0.5,0.622222222222,0.51724137931,0.55,0.5,0.538461538462,0.46,0.5,0.520833333333,0.471698113208,0.432432432432,0.5,0.518518518519,0.340909090909,0.5,0.564102564103,0.395833333333,0.551020408163,0.44,0.407407407407,0.318181818182,0.514285714286,0.615384615385,0.441860465116,0.54,0.52380952381,0.44262295082,0.444444444444,0.456140350877,0.446808510638,0.547169811321,0.458333333333,0.446808510638,0.386363636364,0.611111111111,0.367346938776,0.407407407407,0.452380952381,0.453125,0.388888888889,0.613636363636,0.612903225806,0.540540540541,0.511111111111,0.526315789474,0.634146341463,0.454545454545,0.384615384615,0.485294117647,0.568965517241,0.471698113208,0.448979591837,0.535714285714,0.435897435897,0.4375,0.5625,0.551724137931,0.75,0.516129032258,0.46875,0.456140350877,0.4375,0.568181818182,0.5625,0.530612244898,0.488888888889,0.490566037736,0.510204081633,0.547619047619,0.533333333333,0.428571428571,0.681818181818,0.491525423729,0.473684210526,0.627450980392,0.595238095238,0.509803921569,0.536585365854,0.614035087719,0.5,0.631578947368,0.627906976744,0.540540540541,0.375,0.411764705882,0.684210526316,0.382978723404,0.323529411765,0.446808510638,0.560975609756,0.509803921569,0.45652173913,0.5,0.585365853659,0.456140350877,0.441860465116,0.560975609756,0.6,0.460317460317,0.5,0.581395348837,0.515151515152,0.509433962264,0.522727272727,0.479166666667,0.657894736842,0.322033898305,0.413793103448,0.510204081633,0.43137254902,0.545454545455,0.423728813559,0.396226415094,0.547169811321,0.534482758621,0.489361702128,0.4,0.323529411765,0.563636363636,0.481481481481,0.541666666667,0.509433962264,0.56,0.532258064516,0.5,0.471698113208,0.584905660377,0.480769230769,0.593220338983,0.434782608696,0.490566037736,0.549295774648,0.540983606557,0.431034482759,0.5,0.48,0.549019607843,0.564102564103,0.5,0.416666666667,0.426229508197,0.362068965517,0.410714285714,0.456140350877,0.46511627907,0.522727272727,0.468085106383,0.42,0.382978723404,0.444444444444,0.411764705882,0.512195121951,0.511111111111,0.282608695652,0.42,0.589285714286,0.666666666667,0.508474576271,0.462962962963,0.4,0.519230769231,0.442307692308,0.435897435897,0.479166666667,0.477272727273,0.452380952381,0.392857142857,0.4,0.484848484848,0.5,0.5,0.487804878049,0.428571428571,0.551020408163,0.518518518519,0.404255319149,0.423076923077,0.5,0.610169491525,0.448275862069,0.35,0.473684210526,0.620689655172,0.560975609756,0.666666666667,0.508474576271,0.352941176471,0.451612903226,0.5625,0.471698113208,0.6,0.382978723404,0.479166666667,0.480769230769,0.488888888889,0.534482758621,0.5,0.463414634146,0.425,0.491803278689,0.492537313433,0.490566037736,0.529411764706,0.490909090909,0.511627906977,0.492753623188,0.470588235294,0.622222222222,0.581395348837,0.431818181818,0.584905660377,0.426229508197,0.4,0.58,0.54347826087,0.44,0.471698113208,0.491803278689,0.5,0.546875,0.555555555556,0.546875,0.6,0.578947368421,0.515625,0.488888888889,0.5,0.544117647059,0.525,0.36,0.454545454545,0.404255319149,0.559322033898,0.550724637681,0.537313432836,0.541666666667,0.54,0.447368421053,0.510638297872,0.5,0.464285714286,0.410256410256,0.543859649123,0.461538461538,0.553191489362,0.510638297872,0.512820512821,0.389830508475,0.459016393443,0.428571428571,0.492063492063,0.458333333333,0.48,0.46875,0.333333333333,0.40350877193,0.391304347826,0.481481481481,0.372549019608,0.320754716981,0.395833333333,0.62,0.338983050847,0.384615384615,0.608695652174,0.488372093023,0.462962962963,0.529411764706,0.471698113208,0.555555555556,0.5,0.450980392157,0.444444444444,0.58,0.440677966102,0.404255319149,0.508196721311,0.58064516129,0.481481481481,0.52380952381,0.409090909091,0.444444444444,0.4375,0.551020408163,0.424242424242,0.578125,0.5,0.395833333333,0.5,0.559322033898,0.531914893617,0.681818181818,0.614035087719,0.444444444444,0.407407407407,0.459016393443,0.484375,0.448979591837,0.541666666667,0.549019607843,0.542857142857,0.69696969697,0.459459459459,0.42,0.666666666667,0.53488372093,0.558139534884,0.576271186441,0.614035087719,0.574468085106,0.392156862745,0.478260869565,0.488888888889,0.444444444444,0.436363636364,0.537037037037,0.484375,0.56,0.442307692308,0.569444444444,0.442307692308,0.557692307692,0.681818181818,0.581395348837,0.47619047619,0.425925925926,0.558139534884,0.428571428571,0.557692307692,0.589285714286,0.488372093023,0.48275862069,0.469387755102,0.463414634146,0.5,0.515625,0.478260869565,0.375,0.545454545455,0.421052631579,0.404255319149,0.448275862069,0.589285714286,0.533333333333,0.603773584906,0.383333333333,0.378787878788,0.444444444444,0.395833333333,0.451612903226,0.659090909091,0.63829787234,0.382978723404,0.378378378378,0.467741935484,0.44,0.462962962963,0.520833333333,0.5,0.469387755102,0.529411764706,0.402985074627,0.485294117647,0.385964912281,0.559322033898,0.441860465116,0.516129032258,0.459459459459,0.48,0.46875,0.46,0.384615384615,0.491228070175,0.488372093023,0.478873239437,0.467532467532,0.526315789474,0.518518518519,0.511111111111,0.439024390244,0.404255319149,0.520833333333,0.309090909091,0.587301587302,0.46511627907,0.52380952381,0.510204081633,0.530612244898,0.615384615385,0.581395348837,0.481481481481,0.526315789474,0.460317460317,0.464285714286,0.507936507937,0.446428571429,0.474576271186,0.423728813559,0.530612244898,0.425925925926,0.403225806452,0.5,0.478260869565,0.536585365854,0.462962962963,0.372093023256,0.5,0.553571428571,0.557692307692,0.553571428571,0.411764705882,0.444444444444,0.418604651163,0.446153846154,0.395348837209,0.568965517241,0.481481481481,0.446153846154,0.569230769231,0.41095890411,0.428571428571,0.351351351351,0.382978723404,0.519230769231,0.490196078431,0.612903225806,0.5,0.313725490196,0.448979591837,0.5,0.56,0.4,0.380952380952,0.3125,0.547169811321,0.590909090909,0.62962962963,0.54347826087,0.481481481481,0.418604651163,0.465517241379,0.46875,0.466666666667,0.432432432432,0.480769230769,0.45,0.490566037736,0.528301886792,0.52,0.58,0.5,0.509433962264,0.490909090909,0.533333333333,0.433962264151,0.387755102041,0.434782608696,0.485714285714,0.421052631579,0.392156862745,0.413043478261,0.473684210526,0.470588235294,0.485714285714,0.413043478261,0.469387755102,0.421875,0.457627118644,0.605263157895,0.522727272727,0.390243902439,0.403846153846,0.381818181818,0.3125,0.5,0.612244897959,0.571428571429,0.543859649123,1.0,0.509803921569,0.659090909091,0.510638297872,0.516666666667,0.5,0.56862745098,0.627118644068,0.5,0.525423728814,0.459016393443,0.474576271186,0.455696202532,0.472222222222,0.480769230769,0.534482758621,0.559322033898,0.525,0.558139534884,0.564102564103,0.483333333333,0.489795918367,0.730769230769,0.478260869565,0.512820512821,0.625,0.333333333333,0.384615384615,0.472222222222,0.66,0.395348837209,0.418604651163,0.451612903226,0.428571428571,0.514285714286,0.5625,0.566037735849,0.5,0.567567567568,0.464285714286,0.416666666667,0.405405405405,0.512195121951,0.447368421053,0.454545454545,0.520833333333,0.596153846154,0.428571428571,0.367346938776,0.5,0.426229508197,0.744680851064,0.594594594595,0.369565217391,0.384615384615,0.555555555556,0.461538461538,0.44776119403,0.571428571429,0.475,0.566037735849,0.632653061224,0.413043478261,0.551020408163,0.512195121951,0.446153846154,0.4,0.450980392157,0.479166666667,0.478260869565,0.468085106383,0.604166666667,0.490196078431,0.5,0.458333333333,0.526315789474,0.530612244898,0.510204081633,0.56,0.593220338983,0.595744680851,0.410256410256,0.413043478261,0.511627906977,0.488372093023,0.448979591837,0.533333333333,0.456140350877,0.485714285714,0.457627118644,0.674418604651,0.553191489362,0.571428571429,0.448275862069,0.277777777778,0.527272727273,0.519230769231,0.351351351351,0.521739130435,0.457627118644,0.476923076923,0.450980392157,0.433333333333,0.462962962963,0.511111111111,0.470588235294,0.448979591837,0.409090909091,0.722222222222,0.446808510638,0.56,0.604651162791,0.538461538462,0.428571428571,0.551724137931,0.551724137931,0.584615384615,0.448979591837,0.471428571429,0.328125,0.377777777778,0.48,0.45652173913,0.666666666667,0.513513513514,0.676470588235,0.386363636364,0.696428571429,0.470588235294,0.421052631579,0.5,0.418604651163,0.538461538462,0.568181818182,0.607142857143,0.540540540541,0.589285714286,0.615384615385,0.515151515152,0.414634146341,0.488372093023,0.5,0.473684210526,0.454545454545,0.44262295082,0.527777777778,0.510638297872,0.414634146341,0.388888888889,0.481481481481,0.450980392157,0.560606060606,0.508196721311,0.468085106383,0.588235294118,0.56,0.571428571429,0.46,0.561403508772,0.461538461538,0.447368421053,0.45652173913,0.5,0.457627118644,0.527272727273,0.584905660377,0.576271186441,0.533333333333,0.545454545455,0.5,0.465517241379,0.369565217391,0.333333333333,0.413043478261,0.620689655172,0.518518518519,0.45652173913,0.53125,0.586206896552,0.5,0.557692307692,0.590909090909,0.717948717949,0.622641509434,0.5625,0.461538461538,0.487804878049,0.441860465116,0.530612244898,0.585365853659,0.476923076923,0.586956521739,0.5,0.509803921569,0.588235294118,0.583333333333,0.666666666667,0.474576271186,0.58,0.512195121951,0.524590163934,0.636363636364,0.531914893617,0.389830508475,0.479166666667,0.469387755102,0.5,0.404255319149,0.468085106383,0.46875,0.5625,0.458333333333,0.5,0.615384615385,0.568965517241,0.450980392157,0.514285714286,0.6,0.55,0.558823529412,0.666666666667,0.52,0.538461538462,0.434782608696,0.45,0.510638297872,0.40350877193,0.5,0.627450980392,0.442307692308,0.538461538462,0.471698113208,0.538461538462,0.540983606557,0.632653061224,0.5,0.509090909091,0.482142857143,0.452830188679,0.522727272727,0.571428571429,0.5,0.636363636364,0.526315789474,0.603448275862,0.52,0.483333333333,0.352941176471,0.566037735849,0.555555555556,0.391304347826,0.611111111111,0.533333333333,0.469387755102,0.393939393939,0.508771929825,0.537037037037,0.5,0.462962962963,0.43137254902,0.584905660377,0.561403508772,0.5,0.454545454545,0.515625,0.388888888889,0.529411764706,0.632653061224,0.45,0.516666666667,0.595744680851,0.446808510638,0.478260869565,0.462962962963,0.5,0.526315789474,0.5,0.456140350877,0.435897435897,0.452830188679,0.518518518519,0.538461538462,0.613636363636,0.555555555556,0.545454545455,0.574074074074,0.44262295082,0.588235294118,0.607843137255,0.520833333333,0.636363636364,0.609756097561,0.447368421053,0.425531914894,0.5,0.522727272727,0.553571428571,0.367346938776,0.392156862745,0.409090909091,0.403846153846,0.5625,0.446808510638,0.474576271186,0.423728813559,0.409836065574,0.541666666667,0.518518518519,0.588235294118,0.47619047619,0.432432432432,0.473684210526,0.552631578947,0.603174603175,0.65,0.529411764706,0.446808510638,0.446808510638,0.348837209302,0.461538461538,0.5,0.676470588235,0.510638297872,0.461538461538,0.56,0.508474576271,0.444444444444,0.452830188679,0.459016393443,0.47619047619,0.468085106383,0.526315789474,0.461538461538,0.5,0.458333333333,0.428571428571,0.531914893617,0.641025641026,0.466666666667,0.473684210526,0.558139534884,0.636363636364,0.636363636364,0.54,0.458333333333,0.354166666667,0.58,0.433962264151,0.47619047619,0.585365853659,0.484375,0.428571428571,0.522727272727,0.54347826087,0.485714285714,0.622222222222,0.531914893617,0.529411764706,0.538461538462,0.444444444444,0.454545454545,0.48275862069,0.589743589744,0.477272727273,0.468085106383,0.575757575758,0.52380952381,0.47619047619,0.510638297872,0.444444444444,0.6,0.563636363636,0.658536585366,0.5,0.52,0.575,0.549019607843,0.473684210526,0.567567567568,0.488372093023,0.577777777778,0.469696969697,0.435897435897,0.5,0.390243902439,0.487804878049,0.604651162791,0.416666666667,0.511111111111,0.528301886792,0.490909090909,0.565217391304,0.613636363636,0.511627906977,0.490909090909,0.617021276596,0.641025641026,0.478260869565,0.392857142857,0.422222222222,0.466666666667,0.428571428571,0.416666666667,0.5,0.549019607843,0.510638297872,0.425531914894,0.537313432836,0.6,0.472222222222,0.452380952381,0.62,0.627450980392,0.411764705882,0.418604651163,0.411764705882,0.425531914894,0.526315789474,0.333333333333,0.36170212766,0.630434782609,0.604651162791,0.575757575758,0.720930232558,0.568181818182,0.565217391304,0.608695652174,0.625,0.522388059701,0.488372093023,0.509433962264,0.704918032787,0.55,0.543859649123,0.65,0.5,0.581395348837,0.48,0.481481481481,0.511627906977,0.450980392157,0.577777777778,0.478260869565,0.489795918367,0.7,0.660377358491,0.483870967742,0.607142857143,0.4375,0.543859649123,0.4,0.584905660377,0.462686567164,0.612244897959,0.586206896552,0.59649122807,0.532258064516,0.538461538462,0.6,0.549019607843,0.535714285714,0.446808510638,0.416666666667,0.593220338983,0.521739130435,0.487179487179,0.567567567568,0.567567567568,0.514285714286,0.603773584906,0.627118644068,0.514285714286,0.597014925373,0.466666666667,0.617021276596,0.379310344828,0.53488372093,0.585365853659,0.466666666667,0.625,0.632653061224,0.468085106383,0.444444444444,0.404761904762,0.46511627907,0.489795918367,0.586956521739,0.509433962264,0.448979591837,0.658536585366,0.531914893617,0.611111111111,0.581395348837,0.36,0.558823529412,0.581818181818,0.5,0.42,0.581395348837,0.571428571429,0.46511627907,0.577777777778,0.477272727273,0.527272727273,0.568181818182,0.5,0.609756097561,0.435483870968,0.509090909091,0.439024390244,0.509433962264,0.651162790698,0.66,0.513513513514,0.511111111111,0.576923076923,0.509803921569,0.479166666667,0.512820512821,0.392857142857,0.5625,0.5,0.538461538462,0.630434782609,0.564516129032,0.27027027027,0.5,0.625,0.475,0.584905660377,0.348837209302,0.333333333333,0.5,0.586956521739,0.478260869565,0.5,0.473684210526,0.559322033898,0.55,0.378378378378,0.423076923077,0.448275862069,0.490196078431,0.430769230769,0.5,0.492307692308,0.466666666667,0.536231884058,0.438596491228,0.542857142857,0.533333333333,0.584905660377,0.341463414634,0.435483870968,0.530612244898,0.512195121951,0.487179487179,0.535714285714,0.555555555556,0.508474576271,0.488888888889,0.439024390244,0.617647058824,0.468085106383,0.428571428571,0.448275862069,0.568181818182,0.595238095238,0.414634146341,0.452830188679,0.425531914894,0.491228070175,0.439024390244,0.468085106383,0.539682539683,0.58,0.490566037736,0.520833333333,0.405405405405,0.351351351351,0.621621621622,0.563636363636,0.666666666667,0.454545454545,0.487179487179,0.452830188679,0.589285714286,0.508474576271,0.5,0.538461538462,0.607843137255,0.566037735849,0.571428571429,0.571428571429,0.627906976744,0.563636363636,0.518518518519,0.423076923077,0.659090909091,0.418604651163,0.512820512821,0.423076923077,0.359375,0.413043478261,0.45,0.595238095238,0.551020408163,0.454545454545,0.426229508197,0.516666666667,0.515625,0.448275862069,0.436363636364,0.5,0.613636363636,0.666666666667,0.461538461538,0.5,0.625,0.475,0.54,0.463414634146,0.442307692308,0.512820512821,0.588235294118,0.466666666667,0.555555555556,0.471698113208,0.459459459459,0.446808510638,0.508771929825,0.54,0.5,0.630769230769,0.571428571429,0.53488372093,0.5,0.352941176471,0.709677419355,0.479166666667,0.5,0.47619047619,0.479166666667,0.5625,0.260869565217,0.547619047619,0.558823529412,0.511627906977,0.480769230769,0.431818181818,0.489795918367,0.541666666667,0.530612244898,0.375,0.47619047619,0.435897435897,0.555555555556,0.462962962963,0.5,0.571428571429,0.42,0.431818181818,0.53125,0.566666666667,0.594594594595,0.657142857143,0.533333333333,0.571428571429,0.512820512821,0.625,0.636363636364,0.564102564103,0.5,0.488372093023,0.384615384615,0.535714285714,0.411764705882,0.479166666667,0.52380952381,0.63829787234,0.603773584906,0.515625,0.55,0.488372093023,0.387096774194,0.644444444444,0.425,0.47619047619,0.456140350877,0.488888888889,0.516129032258,0.5,0.610169491525,0.529411764706,0.6,0.56862745098,0.626865671642,0.551724137931,0.403225806452,0.58,0.55,0.627450980392,0.41935483871,0.58,0.431818181818,0.604651162791,0.46875,0.531914893617,0.444444444444,0.463414634146,0.387755102041,0.52380952381,0.52,0.53125,0.44262295082,0.518518518519,0.479166666667,0.425,0.604166666667,0.457627118644,0.473684210526,0.507692307692,0.510204081633,0.5,0.408163265306,0.5,0.5,0.581395348837,0.510638297872,0.526315789474,0.47619047619,0.463414634146,0.491525423729,0.563636363636,0.512820512821,0.46,0.52380952381,0.541666666667,0.586956521739,0.418181818182,0.571428571429,0.560975609756,0.413043478261,0.708333333333,0.559322033898,0.625,0.43137254902,0.52380952381,0.56,0.516666666667,0.3125,0.666666666667,0.421052631579,0.59375,0.541666666667,0.538461538462,0.559322033898,0.509433962264,0.462962962963,0.595744680851,0.535714285714,0.38,0.6,0.560975609756,0.450980392157,0.423728813559,0.466666666667,0.522388059701,0.548387096774,0.5,0.471698113208,0.622950819672,0.418604651163,0.388888888889,0.551724137931,0.514285714286,0.585365853659,0.533333333333,0.528301886792,0.423076923077,0.551020408163,0.472222222222,0.521739130435,0.488372093023,0.545454545455,0.590909090909,0.5,0.425531914894,0.54347826087,0.418604651163,0.431818181818,0.423728813559,0.578947368421,0.439024390244,0.450980392157,0.4,0.395833333333,0.657142857143,0.5,0.276595744681,0.403846153846,0.45,0.428571428571,0.41935483871,0.5625,0.654545454545,0.641025641026,0.5,0.5,0.642857142857,0.522727272727,0.589743589744,0.51724137931,0.651162790698,0.46511627907,0.47619047619,0.461538461538,0.416666666667,0.478260869565,0.463414634146,0.479166666667,0.607843137255,0.553571428571,0.510204081633,0.487804878049,0.583333333333,0.317073170732,0.571428571429,0.4,0.446808510638,0.285714285714,0.5,0.44,0.5,0.64,0.6,0.56,0.464285714286,0.509090909091,0.52,0.591836734694,0.695652173913,0.5,0.585365853659,0.525,0.40625,0.483870967742,0.483333333333,0.492753623188,0.483333333333,0.659574468085,0.511111111111,0.58,0.507936507937,0.520833333333,0.5,0.411764705882,0.4,0.592592592593,0.575,0.585365853659,0.512820512821,0.550724637681,0.454545454545,0.430769230769,0.531914893617,0.62962962963,0.736842105263,0.54347826087,0.488888888889,0.565217391304,0.458333333333,0.45652173913,0.396226415094,0.5,0.463414634146,0.5,0.516129032258,0.55,0.529411764706,0.628571428571,0.511111111111,0.426229508197,0.511627906977,0.533333333333,0.482142857143,0.447368421053,0.459459459459,0.406779661017,0.405797101449,0.5625,0.46511627907,0.488888888889,0.404255319149,0.485714285714,0.591836734694,0.489795918367,0.380952380952,0.452380952381,0.488888888889,0.590909090909,0.512195121951,0.433962264151,0.5,0.315789473684,0.484848484848,0.516129032258,0.5625,0.571428571429,0.571428571429,0.517857142857,0.408163265306,0.487179487179,0.4,0.358974358974,0.375,0.537037037037,0.596153846154,0.533333333333,0.447368421053,0.436363636364,0.490566037736,0.448979591837,0.488372093023,0.384615384615,0.51724137931,0.48275862069,0.416666666667,0.446808510638,0.528301886792,0.457142857143,0.511627906977,0.459459459459,0.484848484848,0.35,0.446428571429,0.582089552239,0.541666666667,0.518518518519,0.5,0.480769230769,0.465517241379,0.533333333333,0.490196078431,0.4,0.512195121951,0.365853658537,0.5,0.6,0.5,0.630434782609,0.559322033898,0.584615384615,0.5,0.54347826087,0.366666666667,0.511627906977,0.553191489362,0.5,0.597014925373,0.361111111111,0.571428571429,0.564102564103,0.46511627907,0.557692307692,0.407407407407,0.45,0.490566037736,0.526315789474,0.469387755102,0.612903225806,0.564516129032,0.526315789474,0.38,0.407407407407,0.421052631579,0.54,0.55737704918,0.431034482759,0.4375,0.634146341463,0.522727272727,0.405405405405,0.585365853659,0.5,0.54,0.509803921569,0.541666666667,0.5,0.488888888889,0.428571428571,0.516666666667,0.375,0.4,0.407407407407,0.558139534884,0.525,0.545454545455,0.384615384615,0.525423728814,0.558139534884,0.610169491525,0.472727272727,0.410256410256,0.588235294118,0.430769230769,0.511111111111,0.404255319149,0.4,0.470588235294,0.481481481481,0.490196078431,0.488888888889,0.592592592593,0.484375,0.490196078431,0.591836734694,0.31914893617,0.555555555556,0.421052631579,0.52380952381,0.526315789474,0.396226415094,0.538461538462,0.468085106383,0.583333333333,0.563636363636,0.578947368421,0.407407407407,0.469387755102,0.543859649123,0.551724137931,0.5625,0.528301886792,0.490196078431,0.46,0.448979591837,0.479166666667,0.456140350877,0.595744680851,0.512195121951,0.538461538462,0.5625,0.5625,0.609756097561,0.519230769231,0.56,0.430555555556,0.631578947368,0.490566037736,0.54347826087,0.479166666667,0.44,0.454545454545,0.446808510638,0.541666666667,0.441860465116,0.4375,0.5,0.428571428571,0.425531914894,0.468085106383,0.395348837209,0.5,0.468085106383,0.474576271186,0.43137254902,0.486486486486,0.538461538462,0.557692307692,0.5,0.538461538462,0.6,0.5,0.577777777778,0.595744680851,0.510204081633,0.545454545455,0.492063492063,0.54,0.520833333333,0.450704225352,0.481481481481,0.459459459459,0.513513513514,0.657142857143,0.480769230769,0.604166666667,0.551020408163,0.508474576271,0.488888888889,0.521739130435,0.454545454545,0.54347826087,0.510204081633,0.454545454545,0.34375,0.555555555556,0.45652173913,0.511627906977,0.609756097561,0.709090909091,0.53488372093,0.6,0.5,0.528571428571,0.647058823529,0.488888888889,0.468085106383,0.434782608696,0.605263157895,0.490566037736,0.62,0.574468085106,0.448979591837,0.463414634146,0.25,0.68085106383,0.560975609756,0.642857142857,0.636363636364,0.630434782609,0.541666666667,0.44262295082,0.649122807018,0.7,0.384615384615,0.560975609756,0.472222222222,0.511627906977,0.487179487179,0.5,0.461538461538,0.541666666667,0.326923076923,0.5,0.511627906977,0.510204081633,0.468085106383,0.538461538462,0.483333333333,0.5,0.584615384615,0.56,0.545454545455,0.36170212766,0.448979591837,0.545454545455,0.491228070175,0.542857142857,0.5,0.586956521739,0.578947368421,0.616666666667,0.5,0.510204081633,0.428571428571,0.566037735849,0.52,0.657142857143,0.487804878049,0.458333333333,0.604651162791,0.384615384615,0.4,0.564102564103,0.439024390244,0.489795918367,0.533333333333,0.551724137931,0.541666666667,0.44,0.333333333333,0.333333333333,0.756756756757,0.526315789474,0.46,0.466666666667,0.5,0.541666666667,0.5,0.375,0.363636363636,0.511111111111,0.558139534884,0.509433962264,0.477272727273,0.490196078431,0.372549019608,0.583333333333,0.525,0.515151515152,0.440677966102,0.462962962963,0.472727272727,0.677419354839,0.674418604651,0.418604651163,0.51724137931,0.571428571429,0.48,0.5,0.490566037736,0.5,0.516666666667,0.468085106383,0.473684210526,0.516666666667,0.439024390244,0.473684210526,0.511627906977,0.520833333333,0.42,0.461538461538,0.482142857143,0.509803921569,0.5,0.537037037037,0.55737704918,0.40625,0.54347826087,0.62,0.584905660377,0.515625,0.394736842105,0.307692307692,0.58,0.526315789474,0.481481481481,0.509090909091,0.571428571429,0.510638297872,0.53488372093,0.475,0.482142857143,0.391304347826,0.463414634146,0.409090909091,0.411764705882,0.454545454545,0.52380952381,0.571428571429,0.473684210526,0.615384615385,0.709677419355,0.48,0.462962962963,0.393617021277,0.674418604651,0.568181818182,0.441176470588,0.586956521739,0.367346938776,0.613636363636,0.448979591837,0.377777777778,0.395348837209,0.592592592593,0.388888888889,0.410256410256,0.560975609756,0.5,0.533333333333,0.439024390244,0.482142857143,0.448979591837,0.5,0.517857142857,0.340425531915,0.59649122807,0.490196078431,0.387755102041,0.444444444444,0.363636363636,0.475,0.585365853659,0.466666666667,0.448979591837,0.425531914894,0.519230769231,0.44,0.571428571429,0.423076923077,0.416666666667,0.553191489362,0.604651162791,0.534482758621,0.482142857143,0.34375,0.36231884058,0.508771929825,0.5,0.536585365854,0.48275862069,0.446808510638,0.512820512821,0.56,0.513513513514,0.490909090909,0.403225806452,0.547169811321,0.591836734694,0.385964912281,0.490566037736,0.326530612245,0.442307692308,0.473684210526,0.34693877551,0.576923076923,0.589743589744,0.4375,0.509803921569,0.574074074074,0.450980392157,0.423076923077,0.540540540541,0.463414634146,0.431818181818,0.549019607843,0.463414634146,0.42,0.416666666667,0.641509433962,0.468085106383,0.608695652174,0.450980392157,0.5,0.512820512821,0.592592592593,0.46511627907,0.489361702128,0.488372093023,0.5,0.51724137931,0.5,0.43137254902,0.571428571429,0.47619047619,0.446428571429,0.409836065574,0.655172413793,0.537313432836,0.625,0.52380952381,0.541666666667,0.479166666667,0.5,0.44,0.533333333333,0.510638297872,0.47619047619,0.537037037037,0.489361702128,0.444444444444,0.487179487179,0.628571428571,0.575,0.538461538462,0.347826086957,0.561403508772,0.59375,0.461538461538,0.5,0.477272727273,0.4375,0.404761904762,0.512195121951,0.571428571429,0.536231884058,0.488372093023,0.525,0.428571428571,0.526315789474,0.442307692308,0.566037735849,0.75,0.472222222222,0.538461538462,0.5625,0.448275862069,0.574468085106,0.457142857143,0.555555555556,0.636363636364,0.393442622951,0.54,0.43137254902,0.549019607843,0.381818181818,0.423076923077,0.454545454545,0.6,0.510638297872,0.450980392157,0.448979591837,0.531914893617,0.5,0.444444444444,0.463414634146,0.5,0.508474576271,0.444444444444,0.54347826087,0.547619047619,0.5,0.525423728814,0.510204081633,0.463414634146,0.611111111111,0.547169811321,0.396226415094,0.434782608696,0.509433962264,0.490566037736,0.519230769231,0.422222222222,0.611111111111,0.421052631579,0.566666666667,0.516129032258,0.435897435897,0.433333333333,0.588235294118,0.571428571429,0.742857142857,0.55,0.412698412698,0.15625,0.461538461538,0.474576271186,0.535714285714,0.551724137931,0.565217391304,0.428571428571,0.480769230769,0.54,0.519230769231,0.52,0.339285714286,0.5,0.619047619048,0.46511627907,0.408450704225,0.574074074074,0.520833333333,0.491803278689,0.452830188679,0.524590163934,0.428571428571,0.508196721311,0.538461538462,0.571428571429,0.5,0.4375,0.507462686567,0.471698113208,0.589285714286,0.526315789474,0.609756097561,0.511627906977,0.5,0.5625,0.442307692308,0.490909090909,0.519230769231,0.594202898551,0.509090909091,0.606060606061,0.533333333333,0.5,0.52,0.466666666667,0.509803921569,0.565217391304,0.525,0.465517241379,0.48,0.489795918367,0.428571428571,0.297872340426,0.511111111111,0.463414634146,0.577777777778,0.4,0.585365853659,0.372549019608,0.5,0.333333333333,0.707317073171,0.533333333333,0.520833333333,0.46,0.441176470588,0.595238095238,0.444444444444,0.425531914894,0.377358490566,0.6,0.423728813559,0.472222222222,0.451612903226,0.379310344828,0.563636363636,0.625,0.490566037736,0.571428571429,0.574074074074,0.480769230769,0.385964912281,0.583333333333,0.516129032258,0.52380952381,0.509090909091,0.553191489362,0.448979591837,0.553191489362,0.531914893617,0.5,0.638888888889,0.413043478261,0.486486486486,0.589285714286,0.488372093023,0.545454545455,0.43137254902,0.5,0.47619047619,0.407407407407,0.384615384615,0.477272727273,0.704545454545,0.590163934426,0.6,0.52380952381,0.475,0.5,0.555555555556,0.464285714286,0.487804878049,0.441860465116,0.563636363636,0.465517241379,0.5,0.522727272727,0.5625,0.5625,0.53488372093,0.5,0.532258064516,0.527272727273,0.380952380952,0.478260869565,0.434782608696,0.441860465116,0.666666666667,0.515625,0.482142857143,0.571428571429,0.468085106383,0.545454545455,0.595238095238,0.523076923077,0.454545454545,0.489795918367,0.428571428571,0.625,0.511111111111,0.403846153846,0.465517241379,0.565217391304,0.536585365854,0.541666666667,0.4,0.480769230769,0.448979591837,0.444444444444,0.516666666667,0.478260869565,0.581395348837,0.613636363636,0.44,0.410256410256,0.609756097561,0.54347826087,0.6,0.536585365854,0.566666666667,0.44262295082,0.56,0.531914893617,0.470588235294,0.342857142857,0.434782608696,0.46,0.362068965517,0.466666666667,0.54,0.5,0.36,0.549019607843,0.489361702128,0.537037037037,0.3,0.473684210526,0.5,0.541666666667,0.6,0.4375,0.507246376812,0.581395348837,0.44,0.590909090909,0.527777777778,0.581395348837,0.555555555556,0.439024390244,0.414634146341,0.568181818182,0.354838709677,0.4375,0.642857142857,0.485714285714,0.432835820896,0.485714285714,0.444444444444,0.477272727273,0.526315789474,0.5,0.525,0.512820512821,0.608695652174,0.702702702703,0.488888888889,0.3,0.510204081633,0.441860465116,0.571428571429,0.371428571429,0.46,0.348484848485,0.516666666667,0.524590163934,0.375,0.66,0.488888888889,0.451612903226,0.391304347826,0.6,0.403846153846,0.452830188679,0.431818181818,0.450980392157,0.403225806452,0.549019607843,0.404761904762,0.469387755102,0.490566037736,0.511627906977,0.54347826087,0.592592592593,0.52380952381,0.512195121951,0.58,0.625,0.6,0.461538461538,0.534482758621,0.347826086957,0.452830188679,0.309090909091,0.453125,0.444444444444,0.428571428571,0.559322033898,0.59375,0.568965517241,0.36,0.382978723404,0.435483870968,0.472727272727,0.490196078431,0.489795918367,0.547619047619,0.446808510638,0.6,0.441860465116,0.558139534884,0.428571428571,0.424242424242,0.46875,0.477272727273,0.46511627907,0.533333333333,0.339622641509,0.351851851852,0.470588235294,0.487804878049,0.469387755102,0.588235294118,0.382978723404,0.518518518519,0.469387755102,0.511627906977,0.54,0.533333333333,0.46511627907,0.422222222222,0.588235294118,0.553191489362,0.409836065574,0.411764705882,0.333333333333,0.595744680851,0.490909090909,0.520833333333,0.533333333333,0.42,0.471698113208,0.4375,0.531914893617,0.382978723404,0.404255319149,0.47619047619,0.452380952381,0.434782608696,0.515151515152,0.5,0.425,0.36170212766,0.553571428571,0.575757575758,0.625,0.696428571429,0.394736842105,0.6,0.5,0.613636363636,0.452380952381,0.387755102041,0.413793103448,0.6,0.566037735849,0.583333333333,0.59649122807,0.583333333333,0.557692307692,0.425,0.378378378378,0.510638297872,0.48275862069,0.513513513514,0.488888888889,0.543859649123,0.607843137255,0.489795918367,0.55,0.555555555556,0.54347826087,0.551724137931,0.521739130435,0.65625,0.535714285714,0.395348837209,0.479166666667,0.516666666667,0.477272727273,0.384615384615,0.489361702128,0.527777777778,0.549019607843,0.478260869565,0.5,0.333333333333,0.555555555556,0.566666666667,0.509090909091,0.552631578947,0.642857142857,0.560606060606,0.583333333333,0.533333333333,0.53488372093,0.396551724138,0.362068965517,0.435897435897,0.463414634146,0.490196078431,0.375,0.510638297872,0.627118644068,0.540983606557,0.368421052632,0.488888888889,0.411764705882,0.410256410256,0.416666666667,0.627450980392,0.547619047619,0.560975609756,0.44262295082,0.5,0.377777777778,0.4375,0.47619047619,0.490566037736,0.625,0.625,0.435897435897,0.368421052632,0.529411764706,0.483870967742,0.559322033898,0.507692307692,0.466666666667,0.466666666667,0.458333333333,0.509803921569,0.507936507937,0.548387096774,0.545454545455,0.564102564103,0.488888888889,0.428571428571,0.605263157895,0.525,0.547619047619,0.541666666667,0.513513513514,0.487804878049,0.509433962264,0.411764705882,0.410256410256,0.487804878049,0.512195121951,0.555555555556,0.410256410256,0.416666666667,0.485714285714,0.589743589744,0.5,0.5,0.480769230769,0.583333333333,0.522727272727,0.52,0.52,0.508771929825,0.413793103448,0.407407407407,0.395833333333,0.404761904762,0.530612244898,0.549019607843,0.423076923077,0.56,0.421052631579,0.394736842105,0.439024390244,0.382978723404,0.439024390244,0.577777777778,0.479166666667,0.5,0.51724137931,0.5,0.512195121951,0.512195121951,0.547619047619,0.431818181818,0.564102564103,0.666666666667,0.5,0.52380952381,0.612244897959,0.58,0.431818181818,0.488888888889,0.489795918367,0.5,0.517857142857,0.545454545455,0.549019607843,0.520833333333,0.545454545455,0.459016393443,0.5,0.471698113208,0.403846153846,0.540540540541,0.603773584906,0.5,0.657142857143,0.558139534884,0.630434782609,0.586956521739,0.62962962963,0.552631578947,0.428571428571,0.457142857143,0.611111111111,0.526315789474,0.457142857143,0.411764705882,0.531914893617,0.426229508197,0.536585365854,0.553191489362,0.425531914894,0.645161290323,0.617021276596,0.659574468085,0.526315789474,0.48,0.511627906977,0.54,0.63829787234,0.610169491525,0.333333333333,0.386363636364,0.434782608696,0.491803278689,0.4,0.344827586207,0.5,0.433962264151,0.522727272727,0.425531914894,0.521739130435,0.645833333333,0.510204081633,0.522727272727,0.5625,0.542372881356,0.491525423729,0.531914893617,0.487804878049,0.469696969697,0.5,0.424242424242,0.547169811321,0.482142857143,0.508474576271,0.466666666667,0.529411764706,0.464285714286,0.470588235294,0.527777777778,0.547619047619,0.473684210526,0.595238095238,0.434782608696,0.538461538462,0.472727272727,0.44,0.4,0.578947368421,0.545454545455,0.618181818182,0.541666666667,0.52,0.480769230769,0.561403508772,0.547619047619,0.477272727273,0.555555555556,0.339622641509,0.456140350877,0.553571428571,0.509433962264,0.47619047619,0.607843137255,0.591836734694,0.605263157895,0.592592592593,0.512820512821,0.521739130435,0.511627906977,0.5,0.553191489362,0.581395348837,0.531914893617,0.511627906977,0.444444444444,0.450980392157,0.42,0.488888888889,0.422222222222,0.472727272727,0.470588235294,0.441860465116,0.571428571429,0.581395348837,0.530612244898,0.4375,0.463414634146,0.589743589744,0.528301886792,0.425,0.52,0.421875,0.459459459459,0.457142857143,0.661016949153,0.529411764706,0.450980392157,0.454545454545,0.4,0.393939393939,0.431818181818,0.522727272727,0.6,0.545454545455,0.36170212766,0.52380952381,0.509090909091,0.55737704918,0.517857142857,0.545454545455,0.511111111111,0.538461538462,0.446808510638,0.46,0.45652173913,0.538461538462,0.584905660377,0.62,0.464285714286,0.452380952381,0.527272727273,0.528301886792,0.5,0.529411764706,0.515625,0.394736842105,0.416666666667,0.40350877193,0.461538461538,0.4,0.4375,0.631578947368,0.54,0.511111111111,0.377777777778,0.509433962264,0.5,0.418181818182,0.540540540541,0.5,0.583333333333,0.576923076923,0.608695652174,0.535714285714,0.666666666667,0.666666666667,0.55,0.297297297297,0.480769230769,0.452830188679,0.466666666667,0.533333333333,0.510638297872,0.45652173913,0.585365853659,0.535714285714,0.5,0.511111111111,0.456140350877,0.489361702128,0.431818181818,0.47619047619,0.534482758621,0.508771929825,0.488372093023,0.428571428571,0.511111111111,0.652173913043,0.488372093023,0.553191489362,0.558139534884,0.45652173913,0.56862745098,0.618181818182,0.586206896552,0.6,0.583333333333,0.529411764706,0.490566037736,0.549019607843,0.435897435897,0.4375,0.42,0.459459459459,0.461538461538,0.477272727273,0.386363636364,0.48,0.413043478261,0.5,0.533333333333,0.605263157895,0.527272727273,0.508196721311,0.477272727273,0.54,0.507936507937,0.425,0.4,0.357142857143,0.522727272727,0.661016949153,0.518518518519,0.566037735849,0.574468085106,0.533333333333,0.555555555556,0.698113207547,0.489795918367,0.44,0.511627906977,0.509803921569,0.522388059701,0.583333333333,0.464285714286,0.446808510638,0.490909090909,0.52,0.434782608696,0.5,0.35,0.404255319149,0.5,0.448979591837,0.53488372093,0.551020408163,0.4375,0.5,0.487804878049,0.421052631579,0.54,0.594594594595,0.555555555556,0.6,0.591836734694,0.530612244898,0.448275862069,0.523076923077,0.564102564103,0.538461538462,0.619047619048,0.509433962264,0.576923076923,0.514285714286,0.511111111111,0.366666666667,0.366666666667,0.472727272727,0.468085106383,0.431818181818,0.368421052632,0.435897435897,0.630434782609,0.55,0.5,0.448979591837,0.657894736842,0.488888888889,0.375,0.34375,0.435483870968,0.625,0.645833333333,0.52,0.381818181818,0.516129032258,0.491803278689,0.471698113208,0.421052631579,0.569230769231,0.538461538462,0.617647058824,0.433333333333,0.423076923077,0.441860465116,0.578125,0.507462686567,0.488372093023,0.489795918367,0.444444444444,0.522727272727,0.526315789474,0.514285714286,0.526315789474,0.533333333333,0.463414634146,0.594594594595,0.526315789474,0.537037037037,0.421052631579,0.56,0.346153846154,0.564516129032,0.686274509804,0.4,0.444444444444,0.446428571429,0.557692307692,0.584905660377,0.636363636364,0.54347826087,0.557692307692,0.435897435897,0.425,0.581395348837,0.540983606557,0.423076923077,0.428571428571,0.510638297872,0.6,0.644444444444,0.56,0.489795918367,0.48275862069,0.5,0.5,0.489361702128,0.509090909091,0.475,0.522727272727,0.533333333333,0.526315789474,0.571428571429,0.64,0.54,0.5,0.450980392157,0.46,0.4,0.384615384615,0.6,0.555555555556,0.666666666667,0.5,0.520833333333,0.508196721311,0.5,0.690476190476,0.519230769231,0.456140350877,0.557692307692,0.488372093023,0.584905660377,0.714285714286,0.553571428571,0.561403508772,0.543859649123,0.54347826087,0.482142857143,0.466666666667,0.605263157895,0.372093023256,0.477272727273,0.475,0.526315789474,0.509803921569,0.509090909091,0.627906976744,0.531914893617,0.51724137931,0.612244897959,0.488888888889,0.482142857143,0.408163265306,0.529411764706,0.617021276596,0.490566037736,0.418604651163,0.511627906977,0.622222222222,0.591836734694,0.390243902439,0.491525423729,0.489795918367,0.536585365854,0.509433962264,0.4,0.48275862069,0.409090909091,0.369565217391,0.375,0.372093023256,0.578947368421,0.581395348837,0.585365853659,0.53125,0.557692307692,0.581818181818,0.424242424242,0.489361702128,0.518518518519,0.510638297872,0.435897435897,0.422222222222,0.462962962963,0.568965517241,0.384615384615,0.589285714286,0.537037037037,0.534482758621,0.471698113208,0.48,0.482142857143,0.472222222222,0.526315789474,0.590909090909,0.448275862069,0.657894736842,0.606060606061,0.596774193548,0.525,0.512820512821,0.52,0.387755102041,0.535714285714,0.487804878049,0.575,0.355555555556,0.508474576271,0.5,0.558139534884,0.5,0.5625,0.438596491228,0.574468085106,0.5,0.410256410256,0.409090909091,0.575757575758,0.491228070175,0.527272727273,0.47619047619,0.469387755102,0.636363636364,0.5,0.586956521739,0.465517241379,0.5,0.444444444444,0.571428571429,0.482142857143,0.571428571429,0.619047619048,0.45652173913,0.43137254902,0.47619047619,0.524590163934,0.488888888889,0.605263157895,0.457142857143,0.422222222222,0.446808510638,0.4375,0.434782608696,0.592592592593,0.5,0.610169491525,0.574074074074,0.508771929825,0.519230769231,0.478260869565,0.511627906977,0.340909090909,0.551020408163,0.441860465116,0.519230769231,0.5,0.485714285714,0.457142857143,0.433962264151,0.5,0.548387096774,0.541666666667,0.439024390244,0.436363636364,0.490196078431,0.44,0.490909090909,0.596153846154,0.487804878049,0.425531914894,0.511627906977,0.53125,0.59375,0.540540540541,0.571428571429,0.567567567568,0.528301886792,0.54,0.522388059701,0.527272727273,0.530612244898,0.589285714286,0.631578947368,0.870967741935,0.530612244898,0.590909090909,0.5625,0.684210526316,0.614035087719,0.627118644068,0.5,0.571428571429,0.461538461538,0.435483870968,0.510204081633,0.560975609756,0.595238095238,0.527777777778,0.46,0.457627118644,0.604651162791,0.5,0.378378378378,0.577777777778,0.581818181818,0.435897435897,0.439024390244,0.586956521739,0.595238095238,0.538461538462,0.530612244898,0.511111111111,0.425531914894,0.464285714286,0.467741935484,0.468085106383,0.450980392157,0.46511627907,0.468085106383,0.35,0.487804878049,0.530612244898,0.510638297872,0.564516129032,0.543859649123,0.522727272727,0.478260869565,0.565217391304,0.516129032258,0.586956521739,0.630434782609,0.483870967742,0.6,0.564102564103,0.46,0.508474576271,0.636363636364,0.414634146341,0.520833333333,0.541666666667,0.573770491803,0.459459459459,0.509433962264,0.814814814815,0.530612244898,0.557692307692,0.55,0.470588235294,0.958333333333,0.477272727273,0.641025641026,0.377358490566,0.833333333333,0.673469387755,0.4375,0.457142857143,0.432432432432,0.470588235294,0.525423728814,0.588235294118,0.394736842105,0.478260869565,0.435897435897,0.615384615385,0.526315789474,0.354838709677,0.538461538462,0.541666666667,0.536585365854,0.475,0.636363636364,0.473684210526,0.548387096774,0.428571428571,0.468085106383,0.46875,0.46511627907,0.526315789474,0.475,0.448979591837,0.488372093023,0.52,0.5,0.594594594595,0.545454545455,0.4375,0.455882352941,0.6,0.588235294118,0.581395348837,0.545454545455,0.380952380952,0.52380952381,0.613636363636,0.472222222222,0.46875,0.488888888889,0.425,0.416666666667,0.508771929825,0.414634146341,0.341463414634,0.515151515152,0.446808510638,0.444444444444,0.428571428571,0.5,0.561403508772,0.485714285714,0.541666666667,0.52380952381,0.538461538462,0.46,0.537313432836,0.416666666667,0.357142857143,0.592592592593,0.522727272727,0.446428571429,0.509803921569,0.40350877193,0.530612244898,0.558823529412,0.363636363636,0.590163934426,0.428571428571,0.547169811321,0.571428571429,0.467741935484,0.529411764706,0.571428571429,0.47619047619,0.5,0.439393939394,0.54347826087,0.410714285714,0.489795918367,0.411764705882,0.428571428571,0.6,0.5,0.423076923077,0.608695652174,0.48275862069,0.5,0.581818181818,0.563636363636,0.622222222222,0.462686567164,0.409090909091,0.469387755102,0.375,0.394736842105,0.563636363636,0.478260869565,0.481481481481,0.386363636364,0.48,0.413043478261,0.56862745098,0.489795918367,0.5,0.563636363636,0.530612244898,0.44,0.351851851852,0.452830188679,0.491525423729,0.480769230769,0.448979591837,0.578947368421,0.490196078431,0.423076923077,0.384615384615,0.450980392157,0.528301886792,0.466666666667,0.365853658537,0.428571428571,0.52,0.482142857143,0.52,0.578313253012,0.386363636364,0.575,0.566037735849,0.486486486486,0.393939393939,0.508474576271,0.471698113208,0.574468085106,0.481481481481,0.454545454545,0.65,0.384615384615,0.5,0.491228070175,0.454545454545,0.560975609756,0.467741935484,0.415094339623,0.41935483871,0.466666666667,0.405405405405,0.47619047619,0.4,0.6,0.444444444444,0.538461538462,0.301886792453,0.424242424242,0.535714285714,0.645833333333,0.525423728814,0.491803278689,0.456140350877,0.425531914894,0.574468085106,0.581395348837,0.56,0.607843137255,0.625,0.561403508772,0.631578947368,0.549019607843,0.589285714286,0.553191489362,0.531914893617,0.574074074074,0.471698113208,0.54347826087,0.459016393443,0.5,0.396226415094,0.444444444444,0.515151515152,0.535714285714,0.509433962264,0.589285714286,0.441860465116,0.490196078431,0.553191489362,0.532258064516,0.471698113208,0.590909090909,0.575757575758,0.581395348837,0.571428571429,0.54347826087,0.440677966102,0.428571428571,0.519230769231,0.333333333333,0.511627906977,0.491803278689,0.518518518519,0.444444444444,0.54347826087,0.473684210526,0.577777777778,0.509803921569,0.5625,0.491228070175,0.564102564103,0.454545454545,0.416666666667,0.432432432432,0.454545454545,0.536585365854,0.568181818182,0.469387755102,0.565217391304,0.418604651163,0.413043478261,0.490196078431,0.282051282051,0.538461538462,0.509803921569,0.5,0.557692307692,0.448275862069,0.543859649123,0.652173913043,0.6,0.590909090909,0.595744680851,0.473684210526,0.451612903226,0.5,0.413043478261,0.521739130435,0.444444444444,0.382978723404,0.463414634146,0.568181818182,0.519230769231,0.458333333333,0.441860465116,0.636363636364,0.425531914894,0.6,0.375,0.492307692308,0.477611940299,0.413043478261,0.5,0.688888888889,0.358490566038,0.474358974359,0.6,0.545454545455,0.636363636364,0.4375,0.425531914894,0.40350877193,0.592592592593,0.522727272727,0.48,0.535714285714,0.526315789474,0.525423728814,0.392156862745,0.3125,0.526315789474,0.54347826087,0.4,0.619047619048,0.571428571429,0.486486486486,0.548387096774,0.447368421053,0.487804878049,0.513513513514,0.477272727273,0.450980392157,0.425925925926,0.382978723404,0.511111111111,0.527272727273,0.529411764706,0.439393939394,0.605263157895,0.531914893617,0.472727272727,0.378378378378,0.444444444444,0.583333333333,0.483870967742,0.583333333333,0.372549019608,0.488372093023,0.649122807018,0.53488372093,0.47619047619,0.603448275862,0.509433962264,0.6,0.516129032258,0.35,0.688888888889,0.651162790698,0.52,0.558139534884,0.395348837209,0.604651162791,0.351351351351,0.405405405405,0.375,0.538461538462,0.545454545455,0.555555555556,0.52,0.560975609756,0.563636363636,0.557692307692,0.58064516129,0.423076923077,0.576923076923,0.490909090909,0.5,0.634146341463,0.576923076923,0.622222222222,0.5,0.469387755102,0.509803921569,0.512195121951,0.346153846154,0.513513513514,0.467741935484,0.645833333333,0.311111111111,0.533333333333,0.574468085106,0.5625,0.612903225806,0.5,0.522727272727,0.692307692308,0.636363636364,0.632352941176,0.607843137255,0.510204081633,0.571428571429,0.441860465116,0.386363636364,0.613636363636,0.441176470588,0.275862068966,0.44262295082,0.491525423729,0.425531914894,0.589743589744,0.55,0.463414634146,0.461538461538,0.510638297872,0.428571428571,0.410256410256,0.47619047619,0.5,0.574468085106,0.521739130435,0.372549019608,0.486486486486,0.652173913043,0.564102564103,0.444444444444,0.52380952381,0.414634146341,0.547619047619,0.473684210526,0.510638297872,0.428571428571,0.475,0.551020408163,0.378787878788,0.365384615385,0.549019607843,0.433333333333,0.478260869565,0.5,0.545454545455,0.578947368421,0.607142857143,0.565217391304,0.519230769231,0.521739130435,0.594594594595,0.5,0.421052631579,0.545454545455,0.362068965517,0.463414634146,0.490909090909,0.426229508197,0.6,0.472222222222,0.6,0.46,0.428571428571,0.458333333333,0.5,0.422222222222,0.5,0.565217391304,0.458333333333,0.520833333333,0.5,0.46875,0.514285714286,0.514285714286,0.5,0.517857142857,0.548387096774,0.571428571429,0.512820512821,0.459459459459,0.390243902439,0.547169811321,0.535714285714,0.571428571429,0.439024390244,0.420289855072,0.625,0.492063492063,0.428571428571,0.386363636364,0.461538461538,0.6,0.512820512821,0.528301886792,0.571428571429,0.75,0.484848484848,0.431818181818,0.486486486486,0.521739130435,0.574468085106,0.608695652174,0.595238095238,0.54,0.462962962963,0.565217391304,0.46511627907,0.526315789474,0.512195121951,0.6,0.525,0.58064516129,0.531914893617,0.486486486486,0.461538461538,0.617647058824,0.368421052632,0.368421052632,0.541666666667,0.6,0.589743589744,0.526315789474,0.742857142857,0.473684210526,0.58064516129,0.483870967742,0.5,0.53125,0.529411764706,0.583333333333,0.533333333333,0.6,0.591836734694,0.489795918367,0.484848484848,0.540540540541,0.5,0.537037037037,0.794117647059,0.515151515152,0.677419354839,0.590909090909,0.56,0.428571428571,0.425,0.615384615385,0.55,0.586956521739,0.642857142857,0.595238095238,0.545454545455,0.5,0.411764705882,0.511111111111,0.542372881356,0.46,0.468085106383,0.627906976744,0.441860465116,0.56,0.536585365854,0.52380952381,0.609756097561,0.62,0.555555555556,0.532258064516,0.581395348837,0.6,0.588235294118,0.567567567568,0.571428571429,0.607843137255,0.558823529412,0.545454545455,0.511111111111,0.567567567568,0.515151515152,0.473684210526,0.5,0.5625,0.461538461538,0.454545454545,0.75,0.452380952381,0.576271186441,0.527777777778,0.465517241379,0.450980392157,0.422222222222,0.434782608696,0.636363636364,0.463414634146,0.444444444444,0.543859649123,0.525,0.589743589744,0.533333333333,0.542857142857,0.486486486486,0.5,0.71875,0.785714285714,0.724137931034,0.870967741935,0.935483870968,0.65,0.552631578947,0.607142857143,0.508474576271,0.528301886792,0.428571428571,0.52380952381,0.613636363636,0.592592592593,0.534482758621,0.5,0.5625,0.531914893617,0.522727272727,0.58064516129,0.793103448276,0.538461538462,0.490196078431,0.52,0.477272727273,0.636363636364,0.612244897959,0.584905660377,0.612244897959,0.595744680851,0.588235294118,0.607843137255,0.615384615385,0.658536585366,0.75,0.4,0.395348837209,0.425,0.514285714286,0.512195121951,0.527777777778,0.512820512821,0.555555555556,0.521739130435,0.575,0.510638297872,0.590163934426,0.478260869565,0.377777777778,0.5,0.480769230769,0.481481481481,0.447368421053,0.366666666667,0.413043478261,0.52,0.555555555556,0.641509433962,0.648148148148,0.574468085106,0.651162790698,0.6,0.609375,0.56,0.431818181818,0.571428571429,0.51724137931,0.485714285714,0.529411764706,0.530612244898,0.535714285714,0.5,0.511111111111,0.741935483871,0.684210526316,0.627450980392,0.657894736842,0.529411764706,0.538461538462,0.563636363636,0.45652173913,0.528301886792,0.627450980392,0.625,0.533333333333,0.581818181818,0.625,0.366666666667,0.403225806452,0.477272727273,0.468085106383,0.446428571429,0.518518518519,0.45652173913,0.431034482759,0.354166666667,0.52,0.581818181818,0.551724137931,0.525,0.418604651163,0.483870967742,0.5,0.5,0.4,0.6,0.42,0.484375,0.512820512821,0.581818181818,0.409090909091,0.530612244898,0.5,0.636363636364,0.619047619048,0.53488372093,0.44,0.47619047619,0.463414634146,0.510204081633,0.469387755102,0.403846153846,0.416666666667,0.40625,0.606060606061,0.487804878049,0.531914893617,0.462962962963,0.488888888889,0.553191489362,0.521739130435,0.52380952381,0.54,0.571428571429,0.581818181818,0.482142857143,0.489795918367,0.547619047619,0.538461538462,0.545454545455,0.577777777778,0.490196078431,0.576923076923,0.433333333333,0.435897435897,0.477272727273,0.553191489362,0.416666666667,0.521739130435,0.516129032258,0.307692307692,0.447368421053,0.46511627907,0.392156862745,0.391304347826,0.384615384615,0.595744680851,0.46511627907,0.475409836066,0.55,0.571428571429,0.52380952381,0.444444444444,0.423076923077,0.5625,0.6,0.509433962264,0.545454545455,0.627450980392,0.5,0.675,0.620689655172,0.553191489362,0.44,0.375,0.614035087719,0.568965517241,0.568181818182,0.540540540541,0.4,0.361111111111,0.576271186441,0.58,0.685714285714,0.636363636364,0.424242424242,0.606060606061,0.526315789474,0.541666666667,0.618181818182,0.473684210526,0.466666666667,0.444444444444,0.574074074074,0.55,0.352941176471,0.389830508475,0.636363636364,0.65,0.526315789474,0.489795918367,0.489795918367,0.466666666667,0.58,0.358974358974,0.509803921569,0.4375,0.48,0.568181818182,0.647058823529,0.754385964912,0.44,0.627450980392,0.446428571429,0.454545454545,0.488888888889,0.6,0.468085106383,0.3,0.46511627907,0.469387755102,0.486486486486,0.527272727273,0.645833333333,0.5,0.462962962963,0.452830188679,0.69696969697,0.58064516129,0.461538461538,0.525,0.595744680851,0.511627906977,0.52380952381,0.577777777778,0.479166666667,0.528301886792,0.509803921569,0.5,0.553191489362,0.45652173913,0.571428571429,0.4,0.530612244898,0.386363636364,0.642857142857,0.575757575758,0.551724137931,0.552631578947,0.591836734694,0.56862745098,0.63829787234,0.466666666667,0.388888888889,0.558823529412,0.510638297872,0.48,0.612244897959,0.603174603175,0.520833333333,0.384615384615,0.45652173913,0.431034482759,0.529411764706,0.617647058824,0.659574468085,0.38,0.622950819672,0.551020408163,0.428571428571,0.51724137931,0.428571428571,0.627450980392,0.423076923077,0.5,0.368421052632,0.54347826087,0.5,0.478260869565,0.555555555556,0.529411764706,0.448979591837,0.632352941176,0.557692307692,0.458333333333,0.632653061224,0.509433962264,0.576923076923,0.559322033898,0.583333333333,0.609756097561,0.547619047619,0.709677419355,0.52380952381,0.51724137931,0.441176470588,0.47619047619,0.529411764706,0.555555555556,0.478260869565,0.511111111111,0.536585365854,0.552631578947,0.436363636364,0.537037037037,0.530612244898,0.568181818182,0.5,0.566666666667,0.487804878049,0.526315789474,0.62962962963,0.581395348837,0.59375,0.545454545455,0.479166666667,0.545454545455,0.5,0.452830188679,0.446808510638,0.543859649123,0.659574468085,0.520833333333,0.458333333333,0.519230769231,0.5,0.377358490566,0.526315789474,0.527272727273,0.511627906977,0.436363636364,0.528301886792,0.487179487179,0.4,0.387755102041,0.444444444444,0.537313432836,0.911764705882,0.510204081633,0.578947368421,0.481012658228,0.538461538462,0.425925925926,0.609756097561,0.597222222222,0.508771929825,0.5,0.525423728814,0.40625,0.53488372093,0.409090909091,0.578125,0.48275862069,0.428571428571,0.6,0.560975609756,0.568181818182,0.533333333333,0.583333333333,0.357142857143,0.381818181818,0.478260869565,0.488888888889,0.555555555556,0.45,0.416666666667,0.666666666667,0.558139534884,0.522727272727,0.47619047619,0.526315789474,0.381818181818,0.511627906977,0.440677966102,0.5,0.425,0.617647058824,0.558139534884,0.590909090909,0.5625,0.547619047619,0.520833333333,0.470588235294,0.630434782609,0.528301886792,0.529411764706,0.588235294118,0.574074074074,0.490909090909,0.551020408163,0.44,0.607843137255,0.648648648649,0.466666666667,0.55,0.666666666667,0.6,0.54347826087,0.413793103448,0.470588235294,0.351351351351,0.458333333333,0.553191489362,0.5,0.538461538462,0.519230769231,0.5,0.555555555556,0.395348837209,0.555555555556,0.571428571429,0.5,0.714285714286,0.52380952381,0.408163265306,0.490566037736,0.566037735849,0.43137254902,0.627906976744,0.6,0.509803921569,0.618181818182,0.377777777778,0.52380952381,0.568181818182,0.511627906977,0.477272727273,0.490566037736,0.538461538462,0.604651162791,0.54,0.510638297872,0.577777777778,0.565217391304,0.518518518519,0.368421052632,0.431034482759,0.574074074074,0.604651162791,0.421052631579,0.510204081633,0.413043478261,0.433333333333,0.444444444444,0.471428571429,0.56,0.589285714286,0.466666666667,0.622641509434,0.388888888889,0.62962962963,0.410714285714,0.530612244898,0.565217391304,0.54347826087,0.510638297872,0.451612903226,0.464285714286,0.418604651163,0.508771929825,0.5,0.5,0.581395348837,0.489361702128,0.547619047619,0.4,0.404255319149,0.540983606557,0.6,0.526315789474,0.446808510638,0.428571428571,0.545454545455,0.439024390244,0.512195121951,0.404255319149,0.5,0.479166666667,0.52,0.404761904762,0.522727272727,0.538461538462,0.519230769231,0.541666666667,0.47619047619,0.458333333333,0.644444444444,0.55,0.533333333333,0.6,0.5,0.4375,0.525423728814,0.490196078431,0.48,0.545454545455,0.276595744681,0.333333333333,0.483333333333,0.53488372093,0.448979591837,0.561403508772,0.509433962264,0.5,0.325,0.315789473684,0.483333333333,0.52,0.52380952381,0.46875,0.487804878049,0.454545454545,0.512820512821,0.422222222222,0.387755102041,0.5,0.632653061224,0.433962264151,0.486486486486,0.5,0.604166666667,0.465517241379,0.639344262295,0.448275862069,0.468085106383,0.605263157895,0.408163265306,0.46511627907,0.634146341463,0.5,0.511111111111,0.55,0.510204081633,0.5,0.736842105263,0.525,0.521739130435,0.581395348837,0.44776119403,0.615384615385,0.43137254902,0.408163265306,0.454545454545,0.55,0.596153846154,0.512820512821,0.472222222222,0.564102564103,0.45652173913,0.673913043478,0.54,0.553191489362,0.44,0.480769230769,0.436363636364,0.520833333333,0.613636363636,0.491803278689,0.55,0.630434782609,0.6,0.404761904762,0.463414634146,0.354166666667,0.375,0.608695652174,0.525,0.508771929825,0.51724137931,0.568965517241,0.65625,0.558139534884,0.5625,0.480769230769,0.454545454545,0.451612903226,0.513513513514,0.40625,0.454545454545,0.528301886792,0.413043478261,0.509803921569,0.434782608696,0.4,0.581395348837,0.560975609756,0.589285714286,0.524590163934,0.40350877193,0.53488372093,0.489361702128,0.382978723404,0.470588235294,0.517857142857,0.423076923077,0.553191489362,0.566037735849,0.463414634146,0.644444444444,0.471698113208,0.489361702128,0.517857142857,0.608695652174,0.415094339623,0.529411764706,0.612903225806,0.471698113208,0.5,0.431034482759,0.444444444444,0.4375,0.418604651163,0.466666666667,0.521739130435,0.434782608696,0.487179487179,0.507462686567,0.347826086957,0.6,0.442307692308,0.526315789474,0.487804878049,0.444444444444,0.470588235294,0.384615384615,0.463414634146,0.547169811321,0.541666666667,0.466666666667,0.46875,0.475,0.48275862069,0.363636363636,0.4,0.439024390244,0.469387755102,0.291666666667,0.553191489362,0.490196078431,0.404255319149,0.483870967742,0.53488372093,0.5,0.48275862069,0.490196078431,0.535211267606,0.392857142857,0.512820512821,0.462962962963,0.487804878049,0.396551724138,0.545454545455,0.46,0.444444444444,0.5625,0.486486486486,0.585714285714,0.394736842105,0.323076923077,0.475409836066,0.612244897959,0.383333333333,0.473684210526,0.510638297872,0.567164179104,0.627906976744,0.412698412698,0.514285714286,0.492063492063,0.5,0.514285714286,0.479166666667,0.54,0.446153846154,0.484375,0.382978723404,0.689655172414,0.620689655172,0.457142857143,0.466666666667,0.490909090909,0.434782608696,0.511111111111,0.478260869565,0.5,0.43137254902,0.480769230769,0.551724137931,0.435897435897,0.563636363636,0.489361702128,0.386363636364,0.468085106383,0.537037037037,0.571428571429,0.583333333333,0.525,0.577777777778,0.510638297872,0.51724137931,0.450980392157,0.520833333333,0.482142857143,0.477272727273,0.52380952381,0.5625,0.459459459459,0.485714285714,0.454545454545,0.333333333333,0.490566037736,0.434782608696,0.54347826087,0.666666666667,0.596153846154,0.4,0.560975609756,0.617647058824,0.553191489362,0.481481481481,0.587301587302,0.413043478261,0.676470588235,0.555555555556,0.454545454545,0.5,0.365384615385,0.56,0.469387755102,0.585365853659,0.461538461538,0.410714285714,0.413043478261,0.551020408163,0.45652173913,0.545454545455,0.439024390244,0.473684210526,0.52,0.517857142857,0.326530612245,0.511627906977,0.509803921569,0.548387096774,0.452830188679,0.460317460317,0.636363636364,0.326086956522,0.560975609756,0.55,0.5,0.470588235294,0.473684210526,0.5,0.5,0.390243902439,0.595744680851,0.547169811321,0.387755102041,0.585365853659,0.525,0.55737704918,0.571428571429,0.444444444444,0.480769230769,0.5,0.483333333333,0.604166666667,0.574468085106,0.568181818182,0.52380952381,0.410256410256,0.416666666667,0.555555555556,0.46511627907,0.45652173913,0.433333333333,0.4375,0.529411764706,0.56,0.486486486486,0.46875,0.46875,0.526315789474,0.392857142857,0.536585365854,0.525,0.405405405405,0.5,0.56862745098,0.534482758621,0.613636363636,0.479166666667,0.54,0.428571428571,0.555555555556,0.469387755102,0.488372093023,0.411764705882,0.578947368421,0.611111111111,0.480769230769,0.5,0.446153846154,0.581818181818,0.490196078431,0.409090909091,0.439024390244,0.451612903226,0.571428571429,0.533333333333,0.4,0.421052631579,0.53488372093,0.490566037736,0.571428571429,0.435897435897,0.42,0.489361702128,0.566037735849,0.564102564103,0.630434782609,0.603174603175,0.553846153846,0.405405405405,0.584905660377,0.382352941176,0.458333333333,0.510638297872,0.525,0.512820512821,0.439024390244,0.566666666667,0.238095238095,0.589743589744,0.333333333333,0.382978723404,0.448979591837,0.386363636364,0.4375,0.5,0.333333333333,0.541666666667,0.491228070175,0.46,0.5,0.42,0.666666666667,0.421052631579,0.478260869565,0.540983606557,0.560606060606,0.442307692308,0.583333333333,0.4,0.456140350877,0.408163265306,0.484848484848,0.519230769231,0.625,0.509803921569,0.471698113208,0.638888888889,0.529411764706,0.507692307692,0.457627118644,0.527272727273,0.486486486486,0.645161290323,0.685714285714,0.666666666667,0.547619047619,0.65,0.53488372093,0.464285714286,0.527777777778,0.42,0.377777777778,0.461538461538,0.527777777778,0.462962962963,0.491228070175,0.514285714286,0.566037735849,0.463414634146,0.474576271186,0.404761904762,0.533333333333,0.5,0.630434782609,0.529411764706,0.407407407407,0.411764705882,0.403225806452,0.514285714286,0.549019607843,0.509090909091,0.5,0.545454545455,0.5,0.491228070175,0.384615384615,0.547619047619,0.488888888889,0.557142857143,0.45,0.490909090909,0.404761904762,0.363636363636,0.415094339623,0.473684210526,0.444444444444,0.538461538462,0.632653061224,0.596774193548,0.450980392157,0.492307692308,0.4,0.415384615385,0.563636363636,0.43137254902,0.555555555556,0.418604651163,0.48275862069,0.5,0.423076923077,0.553191489362,0.5,0.52,0.485714285714,0.484848484848,0.466666666667,0.473684210526,0.511627906977,0.487179487179,0.472222222222,0.571428571429,0.52380952381,0.487804878049,0.448275862069,0.484848484848,0.5,0.489795918367,0.520833333333,0.558139534884,0.54347826087,0.5,0.604651162791,0.613636363636,0.409090909091,0.404255319149,0.510638297872,0.5,0.444444444444,0.452380952381,0.555555555556,0.5,0.5,0.446808510638,0.452830188679,0.5,0.595238095238,0.551724137931,0.594594594595,0.654545454545,0.642857142857,0.452380952381,0.510204081633,0.58,0.608695652174,0.488888888889,0.510204081633,0.64406779661,0.690909090909,0.62962962963,0.547169811321,0.547169811321,0.509803921569,0.43137254902,0.444444444444,0.690476190476,0.702702702703,0.428571428571,0.590909090909,0.604651162791,0.590909090909,0.636363636364,0.477272727273,0.404255319149,0.490566037736,0.43137254902,0.542857142857,0.558823529412,0.45,0.511627906977,0.466666666667,0.510638297872,0.625,0.641509433962,0.520833333333,0.541666666667,0.53488372093,0.42,0.466666666667,0.472222222222,0.472222222222,0.539682539683,0.392857142857,0.44262295082,0.575,0.564102564103,0.459459459459,0.611111111111,0.479166666667,0.466666666667,0.513888888889,0.351351351351,0.382978723404,0.433962264151,0.365079365079,0.490196078431,0.355555555556,0.355555555556,0.454545454545,0.333333333333,0.5,0.425531914894,0.531914893617,0.480769230769,0.392156862745,0.468085106383,0.571428571429,0.682926829268,0.627906976744,0.448979591837,0.607843137255,0.541666666667,0.578125,0.404255319149,0.642857142857,0.456140350877,0.594594594595,0.510204081633,0.45652173913,0.587301587302,0.638888888889,0.363636363636,0.5625,0.488888888889,0.619047619048,0.538461538462,0.510638297872,0.456140350877,0.553846153846,0.46,0.422222222222,0.418604651163,0.448275862069,0.479166666667,0.45,0.515151515152,0.457627118644,0.538461538462,0.480769230769,0.489795918367,0.520833333333,0.516129032258,0.448979591837,0.434782608696,0.515151515152,0.490566037736,0.531914893617,0.545454545455,0.592592592593,0.488888888889,0.508474576271,0.5,0.53488372093,0.464285714286,0.418604651163,0.5,0.375,0.393442622951,0.395348837209,0.418181818182,0.5625,0.442857142857,0.483870967742,0.636363636364,0.565217391304,0.355555555556,0.483870967742,0.464285714286,0.486486486486,0.491525423729,0.625,0.511111111111,0.541666666667,0.488372093023,0.386363636364,0.675,0.470588235294,0.55223880597,0.589743589744,0.555555555556,0.509433962264,0.603773584906,0.533333333333,0.63829787234,0.409090909091,0.538461538462,0.56,0.529411764706,0.619718309859,0.509090909091,0.478260869565,0.428571428571,0.458333333333,0.375,0.522727272727,0.454545454545,0.603773584906,0.571428571429,0.609375,0.466666666667,0.56,0.464285714286,0.448979591837,0.545454545455,0.486486486486,0.642857142857,0.457627118644,0.4375,0.439024390244,0.529411764706,0.56,0.5,0.48275862069,0.45652173913,0.489361702128,0.488888888889,0.617021276596,0.488372093023,0.551724137931,0.458333333333,0.5,0.446808510638,0.422222222222,0.545454545455,0.454545454545,0.509803921569,0.571428571429,0.4,0.485714285714,0.551020408163,0.522727272727,0.607843137255,0.561403508772,0.490566037736,0.473684210526,0.545454545455,0.568965517241,0.424242424242,0.459016393443,0.65,0.527272727273,0.512195121951,0.545454545455,0.461538461538,0.516666666667,0.559322033898,0.607142857143,0.458333333333,0.377358490566,0.527272727273,0.513513513514,0.514285714286,0.521739130435,0.472727272727,0.487804878049,0.488372093023,0.480769230769,0.524590163934,0.383333333333,0.481481481481,0.508771929825,0.606060606061,0.606060606061,0.463414634146,0.5,0.548387096774,0.466666666667,0.4,0.431818181818,0.533333333333,0.611111111111,0.48,0.566666666667,0.4375,0.58,0.5625,0.613636363636,0.459459459459,0.473684210526,0.340909090909,0.461538461538,0.622222222222,0.454545454545,0.510638297872,0.513513513514,0.586206896552,0.560975609756,0.490196078431,0.462962962963,0.477272727273,0.596153846154,0.636363636364,0.381818181818,0.488888888889,0.44,0.5625,0.4,0.529411764706,0.45,0.488888888889,0.395348837209,0.436363636364,0.541666666667,0.671875,0.584905660377,0.5,0.5,0.526315789474,0.363636363636,0.571428571429,0.487804878049,0.514285714286,0.54,0.55,0.621621621622,0.557692307692,0.4,0.510638297872,0.522727272727,0.386363636364,0.645833333333,0.642857142857,0.518518518519,0.363636363636,0.488888888889,0.47619047619,0.375,0.557692307692,0.511111111111,0.466666666667,0.510638297872,0.5,0.410714285714,0.541666666667,0.469387755102,0.586206896552,0.363636363636,0.463414634146,0.547619047619,0.538461538462,0.478260869565,0.518518518519,0.542857142857,0.416666666667,0.47619047619,0.488888888889,0.446428571429,0.444444444444,0.413793103448,0.53488372093,0.491228070175,0.46875,0.508474576271,0.490566037736,0.538461538462,0.444444444444,0.309523809524,0.441860465116,0.54347826087,0.418604651163,0.512820512821,0.480769230769,0.538461538462,0.466666666667,0.5,0.515151515152,0.390243902439,0.432432432432,0.372093023256,0.574074074074,0.463414634146,0.446428571429,0.46511627907,0.333333333333,0.382978723404,0.463414634146,0.488888888889,0.541666666667,0.421052631579,0.555555555556,0.456140350877,0.512195121951,0.384615384615,0.594594594595,0.545454545455,0.486486486486,0.395348837209,0.487804878049,0.384615384615,0.44,0.345454545455,0.480769230769,0.64,0.5,0.423728813559,0.568181818182,0.526315789474,0.589285714286,0.6,0.466666666667,0.581818181818,0.576923076923,0.538461538462,0.604166666667,0.423076923077,0.542857142857,0.535714285714,0.785714285714,0.555555555556,0.362068965517,0.75,0.552631578947,0.425531914894,0.564102564103,0.5,0.462962962963,0.459016393443,0.666666666667,0.633333333333,0.425,0.534482758621,0.384615384615,0.538461538462,0.473684210526,0.547619047619,0.5,0.409090909091,0.607142857143,0.558139534884,0.684210526316,0.529411764706,0.535714285714,0.454545454545,0.617021276596,0.487179487179,0.704545454545,0.5,0.518518518519,0.487179487179,0.395833333333,0.62,0.528301886792,0.369565217391,0.581395348837,0.46511627907,0.636363636364,0.448275862069,0.375,0.588235294118,0.52,0.52,0.575,0.549019607843,0.536585365854,0.58,0.636363636364,0.622222222222,0.5,0.547169811321,0.612244897959,0.549019607843,0.54,0.479166666667,0.649122807018,0.411764705882,0.489795918367,0.444444444444,0.5,0.52380952381,0.5,0.436363636364,0.56862745098,0.595744680851,0.615384615385,0.436363636364,0.481481481481,0.462962962963,0.567567567568,0.489361702128,0.461538461538,0.468085106383,0.5,0.571428571429,0.490909090909,0.62,0.529411764706,0.481481481481,0.625,0.590909090909,0.634615384615,0.68,0.527272727273,0.627450980392,0.538461538462,0.414634146341,0.529411764706,0.533333333333,0.448979591837,0.673913043478,0.576923076923,0.585714285714,0.513513513514,0.488372093023,0.702127659574,0.421875,0.471698113208,0.46511627907,0.444444444444,0.576271186441,0.468085106383,0.537037037037,0.46,0.428571428571,0.510638297872,0.471698113208,0.490566037736,0.363636363636,0.431818181818,0.461538461538,0.5,0.59649122807,0.457142857143,0.418181818182,0.632653061224,0.45,0.47619047619,0.555555555556,0.313725490196,0.511111111111,0.45,0.5625,0.551020408163,0.425,0.516129032258,0.452380952381,0.483333333333,0.676470588235,0.622222222222,0.479166666667,0.535714285714,0.555555555556,0.489795918367,0.470588235294,0.585365853659,0.56862745098,0.530612244898,0.536585365854,0.590909090909,0.446428571429,0.5,0.704545454545,0.553571428571,0.634146341463,0.621621621622,0.578947368421,0.529411764706,0.46875,0.45652173913,0.56862745098,0.5,0.511111111111,0.465517241379,0.529411764706,0.423076923077,0.5,0.658536585366,0.457627118644,0.421052631579,0.659574468085,0.368421052632,0.488372093023,0.539682539683,0.480769230769,0.573770491803,0.454545454545,0.458333333333,0.603773584906,0.421052631579,0.447368421053,0.54347826087,0.482142857143,0.5,0.510204081633,0.461538461538,0.470588235294,0.466666666667,0.454545454545,0.512195121951,0.487804878049,0.452380952381,0.488888888889,0.394736842105,0.673469387755,0.533333333333,0.613636363636,0.428571428571,0.607142857143,0.547169811321,0.520833333333,0.578947368421,0.529411764706,0.576923076923,0.46875,0.416666666667,0.533333333333,0.422222222222,0.472727272727,0.586206896552,0.469387755102,0.5,0.466666666667,0.333333333333,0.55737704918,0.423076923077,0.395833333333,0.475,0.533333333333,0.525423728814,0.530612244898,0.574468085106,0.457142857143,0.456140350877,0.565217391304,0.581818181818,0.488888888889,0.48275862069,0.425,0.473684210526,0.422222222222,0.519230769231,0.545454545455,0.547619047619,0.62,0.509803921569,0.592592592593,0.490909090909,0.462962962963,0.526315789474,0.512195121951,0.489361702128,0.477272727273,0.403846153846,0.4,0.468085106383,0.553571428571,0.489795918367,0.404761904762,0.545454545455,0.604166666667,0.333333333333,0.291666666667,0.410714285714,0.542857142857,0.411764705882,0.379310344828,0.395833333333,0.530612244898,0.511627906977,0.385964912281,0.393442622951,0.470588235294,0.44,0.5,0.389830508475,0.522388059701,0.461538461538,0.530612244898,0.333333333333,0.479166666667,0.403846153846,0.340425531915,0.481481481481,0.509433962264,0.535714285714,0.553571428571,0.5,0.489361702128,0.481481481481,0.609756097561,0.488372093023,0.385964912281,0.555555555556,0.511111111111,0.6,0.5,0.511627906977,0.351351351351,0.633333333333,0.448979591837,0.303571428571,0.571428571429,0.64,0.553191489362,0.461538461538,0.5,0.545454545455,0.282608695652,0.478260869565,0.666666666667,0.575757575758,0.488888888889,0.490196078431,0.285714285714,0.5,0.5,0.396825396825,0.517857142857,0.490909090909,0.538461538462,0.625,0.551724137931,0.425531914894,0.563636363636,0.333333333333,0.53488372093,0.378378378378,0.460317460317,0.5,0.492307692308,0.468085106383,0.578947368421,0.454545454545,0.372093023256,0.5,0.375,0.560975609756,0.384615384615,0.5,0.444444444444,0.347826086957,0.452380952381,0.403846153846,0.53488372093,0.5,0.355555555556,0.490566037736,0.561403508772,0.44262295082,0.48,0.490909090909,0.519230769231,0.481481481481,0.448275862069,0.530612244898,0.363636363636,0.604651162791,0.58,0.483870967742,0.51724137931,0.645833333333,0.483333333333,0.549019607843,0.409836065574,0.511627906977,0.42,0.473684210526,0.45,0.395833333333,0.475,0.414634146341,0.507936507937,0.591836734694,0.508771929825,0.547619047619,0.43137254902,0.552631578947,0.511627906977,0.444444444444,0.422222222222,0.581395348837,0.258064516129,0.367346938776,0.742857142857,0.4,0.549019607843,0.378378378378,0.358490566038,0.52380952381,0.528301886792,0.547619047619,0.589743589744,0.538461538462,0.590909090909,0.518518518519,0.571428571429,0.577777777778,0.387755102041,0.40350877193,0.428571428571,0.512195121951,0.538461538462,0.470588235294,0.5,0.363636363636,0.408163265306,0.540540540541,0.454545454545,0.454545454545,0.542857142857,0.517857142857,0.533333333333,0.41935483871,0.34375,0.321428571429,0.484848484848,0.424242424242,0.448275862069,0.5,0.42,0.435897435897,0.677419354839,0.5,0.527777777778,0.630434782609,0.454545454545,0.48275862069,0.666666666667,0.530612244898,0.59375,0.56862745098,0.545454545455,0.592592592593,0.405405405405,0.609756097561,0.561403508772,0.488372093023,0.490196078431,0.45,0.628571428571,0.393939393939,0.487804878049,0.518518518519,0.479166666667,0.532258064516,0.558139534884,0.5,0.529411764706,0.545454545455,0.52,0.487179487179,0.565217391304,0.5,0.6,0.581395348837,0.525,0.55,0.5,0.467741935484,0.36170212766,0.645161290323,0.380952380952,0.458333333333,0.472222222222,0.536585365854,0.471698113208,0.62962962963,0.521739130435,0.5,0.46875,0.517857142857,0.574468085106,0.464285714286,0.5,0.454545454545,0.413793103448,0.418181818182,0.404255319149,0.576923076923,0.439024390244,0.469387755102,0.464285714286,0.461538461538,0.45,0.535714285714,0.423076923077,0.452830188679,0.46511627907,0.475,0.487804878049,0.448275862069,0.47619047619,0.428571428571,0.488888888889,0.41935483871,0.566666666667,0.526315789474,0.46511627907,0.423076923077,0.520833333333,0.510638297872,0.488888888889,0.555555555556,0.536585365854,0.333333333333,0.59375,0.51724137931,0.462962962963,0.418604651163,0.6,0.340425531915,0.36170212766,0.551724137931,0.422222222222,0.5,0.520833333333,0.5,0.5,0.488888888889,0.431818181818,0.378378378378,0.375,0.469387755102,0.392857142857,0.440677966102,0.5,0.574468085106,0.479166666667,0.487179487179,0.555555555556,0.473684210526,0.458333333333,0.5,0.333333333333,0.525,0.509803921569,0.428571428571,0.489795918367,0.55,0.452380952381,0.434782608696,0.491228070175,0.547619047619,0.622222222222,0.5,0.479166666667,0.526315789474,0.461538461538,0.4,0.42,0.490909090909,0.509090909091,0.381818181818,0.5,0.5,0.5,0.5,0.551020408163,0.43137254902,0.468085106383,0.5,0.487179487179,0.5,0.470588235294,0.45,0.521739130435,0.512820512821,0.348837209302,0.462962962963,0.433333333333,0.607142857143,0.487804878049,0.418181818182,0.479166666667,0.415094339623,0.5,0.594594594595,0.508196721311,0.459459459459,0.415094339623,0.5,0.421052631579,0.473684210526,0.454545454545,0.555555555556,0.461538461538,0.52,0.537037037037,0.565217391304,0.45,0.538461538462,0.538461538462,0.488888888889,0.551724137931,0.470588235294,0.483870967742,0.590909090909,0.560606060606,0.446428571429,0.441860465116,0.339622641509,0.411764705882,0.509433962264,0.442307692308,0.492753623188,0.565217391304,0.369565217391,0.479166666667,0.5,0.491803278689,0.625,0.31914893617,0.56862745098,0.518518518519,0.475409836066,0.508474576271,0.365853658537,0.519230769231,0.6,0.46875,0.659574468085,0.431034482759,0.423728813559,0.596774193548,0.470588235294,0.653846153846,0.6,0.450980392157,0.6,0.555555555556,0.470588235294,0.462686567164,0.46,0.442307692308,0.438596491228,0.431818181818,0.368421052632,0.431818181818,0.5,0.25,0.509433962264,0.489361702128,0.454545454545,0.459016393443,0.678571428571,0.551020408163,0.530612244898,0.425,0.46,0.617647058824,0.543859649123,0.457627118644,0.537037037037,0.571428571429,0.763157894737,0.333333333333,0.551724137931,0.484848484848,0.444444444444,0.452380952381,0.508771929825,0.46,0.448979591837,0.387755102041,0.536585365854,0.5,0.361111111111,0.545454545455,0.558823529412,0.463414634146,0.410256410256,0.459459459459,0.432432432432,0.355555555556,0.595744680851,0.5,0.592592592593,0.553191489362,0.574468085106,0.464285714286,0.318181818182,0.466666666667,0.490566037736,0.486486486486,0.46511627907,0.553191489362,0.428571428571,0.444444444444,0.5625,0.463414634146,0.53488372093,0.56,0.516666666667,0.514285714286,0.439024390244,0.446808510638,0.352941176471,0.418181818182,0.482142857143,0.522727272727,0.526315789474,0.571428571429,0.475,0.43137254902,0.5,0.535714285714,0.393939393939,0.457142857143,0.404255319149,0.395348837209,0.375,0.5,0.648648648649,0.509803921569,0.615384615385,0.323076923077,0.451612903226,0.549019607843,0.4,0.466666666667,0.482142857143,0.404255319149,0.64,0.583333333333,0.438596491228,0.325,0.309523809524,0.531914893617,0.418604651163,0.622222222222,0.452380952381,0.517857142857,0.677419354839,0.520833333333,0.43137254902,0.621621621622,0.571428571429,0.484848484848,0.58064516129,0.559322033898,0.462962962963,0.571428571429,0.490196078431,0.516129032258,0.507462686567,0.535714285714,0.621621621622,0.540540540541,0.541666666667,0.518518518519,0.612244897959,0.45652173913,0.541666666667,0.591836734694,0.509433962264,0.403225806452,0.583333333333,0.470588235294,0.620689655172,0.4375,0.4375,0.516666666667,0.471698113208,0.58,0.521739130435,0.436363636364,0.28,0.472222222222,0.489361702128,0.388888888889,0.594594594595,0.472727272727,0.538461538462,0.447368421053,0.481481481481,0.566037735849,0.5,0.583333333333,0.522727272727,0.466666666667,0.461538461538,0.46,0.388888888889,0.386363636364,0.586956521739,0.657894736842,0.576923076923,0.586206896552,0.564102564103,0.583333333333,0.537037037037,0.463414634146,0.5625,0.547169811321,0.471698113208,0.448275862069,0.481481481481,0.395348837209,0.590163934426,0.634146341463,0.508474576271,0.553571428571,0.492753623188,0.454545454545,0.5,0.446808510638,0.559322033898,0.625,0.467741935484,0.675,0.513513513514,0.44,0.630434782609,0.489361702128,0.459459459459,0.5,0.508196721311,0.546875,0.533333333333,0.722222222222,0.520833333333,0.392857142857,0.526315789474,0.618181818182,0.548387096774,0.490566037736,0.553846153846,0.508771929825,0.454545454545,0.363636363636,0.551724137931,0.583333333333,0.589285714286,0.439024390244,0.448979591837,0.511627906977,0.428571428571,0.638888888889,0.553191489362,0.491228070175,0.587301587302,0.409836065574,0.5,0.527272727273,0.490566037736,0.490566037736,0.565217391304,0.571428571429,0.607843137255,0.508474576271,0.442307692308,0.5,0.53488372093,0.510204081633,0.458333333333,0.511111111111,0.511627906977,0.555555555556,0.457142857143,0.473684210526,0.512820512821,0.530612244898,0.549019607843,0.516129032258,0.431818181818,0.522727272727,0.508771929825,0.38,0.586206896552,0.468085106383,0.468085106383,0.442307692308,0.35,0.478260869565,0.510638297872,0.6,0.488372093023,0.461538461538,0.466666666667,0.516666666667,0.631578947368,0.542857142857,0.4,0.474576271186,0.571428571429,0.404761904762,0.566666666667,0.480769230769,0.508771929825,0.508771929825,0.591836734694,0.55,0.544117647059,0.584615384615,0.565217391304,0.535714285714,0.615384615385,0.409090909091,0.5,0.4,0.543859649123,0.527272727273,0.468085106383,0.5,0.5,0.489795918367,0.421052631579,0.584905660377,0.549019607843,0.6,0.527272727273,0.340909090909,0.5,0.368421052632,0.470588235294,0.560975609756,0.736842105263,0.675675675676,0.529411764706,0.488888888889,0.45652173913,0.452380952381,0.432432432432,0.607843137255,0.507462686567,0.467741935484,0.35,0.421052631579,0.681818181818,0.375,0.54,0.412698412698,0.282051282051,0.326530612245,0.509803921569,0.40625,0.566666666667,0.53125,0.62962962963,0.647058823529,0.5,0.434782608696,0.439024390244,0.318181818182,0.516129032258,0.567567567568,0.544117647059,0.44,0.516129032258,0.467741935484,0.530612244898,0.525,0.43137254902,0.490566037736,0.490566037736,0.567567567568,0.568965517241,0.569230769231,0.486486486486,0.561403508772,0.431818181818,0.5,0.612244897959,0.595744680851,0.657142857143,0.53488372093,0.5,0.34,0.565217391304,0.584905660377,0.418604651163,0.463414634146,0.489795918367,0.534482758621,0.588235294118,0.666666666667,0.413043478261,0.52380952381,0.53488372093,0.365853658537,0.5,0.515151515152,0.521739130435,0.458333333333,0.538461538462,0.606060606061,0.534482758621,0.639344262295,0.470588235294,0.5,0.605263157895,0.531914893617,0.37037037037,0.454545454545,0.595238095238,0.583333333333,0.48,0.588235294118,0.517857142857,0.463414634146,0.470588235294,0.666666666667,0.589743589744,0.461538461538,0.441176470588,0.4375,0.552631578947,0.5,0.391304347826,0.413043478261,0.526315789474,0.490196078431,0.528301886792,0.3,0.636363636364,0.592592592593,0.469387755102,0.541666666667,0.44,0.45,0.507936507937,0.5,0.783783783784,0.615384615385,0.59375,0.525,0.581395348837,0.52,0.4375,0.325581395349,0.367346938776,0.655172413793,0.55223880597,0.4375,0.564102564103,0.5,0.595744680851,0.613636363636,0.481481481481,0.591836734694,0.574468085106,0.538461538462,0.522727272727,0.596153846154,0.666666666667,0.674418604651,0.694444444444,0.581395348837,0.444444444444,0.487804878049,0.414634146341,0.68253968254,0.470588235294,0.545454545455,0.487804878049,0.536585365854,0.567567567568,0.540540540541,0.558139534884,0.55,0.5,0.363636363636,0.46,0.538461538462,0.530612244898,0.408163265306,0.377358490566,0.439024390244,0.375,0.457627118644,0.489361702128,0.529411764706,0.558823529412,0.458333333333,0.482142857143,0.434782608696,0.555555555556,0.479166666667,0.517857142857,0.479166666667,0.45652173913,0.463414634146,0.444444444444,0.372093023256,0.389830508475,0.396551724138,0.379310344828,0.52380952381,0.382352941176,0.511111111111,0.615384615385,0.47619047619,0.477272727273,0.577777777778,0.555555555556,0.454545454545,0.454545454545,0.595238095238,0.490196078431,0.54,0.603773584906,0.5625,0.421052631579,0.477611940299,0.478260869565,0.42,0.480769230769,0.468085106383,0.473684210526,0.461538461538,0.6,0.551020408163,0.574468085106,0.446808510638,0.526315789474,0.475,0.583333333333,0.508771929825,0.348837209302,0.340425531915,0.3,0.475,0.4,0.365853658537,0.414634146341,0.479166666667,0.43137254902,0.511111111111,0.553571428571,0.552631578947,0.551020408163,0.551020408163,0.480769230769,0.425,0.428571428571,0.45,0.5,0.543859649123,0.368421052632,0.530612244898,0.607843137255,0.477272727273,0.65306122449,0.537037037037,0.520833333333,0.557692307692,0.526315789474,0.595744680851,0.466666666667,0.56862745098,0.56862745098,0.462962962963,0.558139534884,0.5,0.390243902439,0.441176470588,0.521739130435,0.4,0.5,0.422222222222,0.535714285714,0.547169811321,0.461538461538,0.481481481481,0.520833333333,0.490196078431,0.5,0.413043478261,0.617021276596,0.5625,0.541666666667,0.604166666667,0.56,0.56,0.456140350877,0.491228070175,0.488888888889,0.465517241379,0.524590163934,0.542857142857,0.585365853659,0.568181818182,0.553191489362,0.596153846154,0.558823529412,0.517857142857,0.519230769231,0.568181818182,0.466666666667,0.586206896552,0.6,0.515625,0.488888888889,0.369565217391,0.448275862069,0.522727272727,0.468085106383,0.510204081633,0.454545454545,0.411764705882,0.51724137931,0.58,0.439024390244,0.525,0.519230769231,0.462962962963,0.409836065574,0.555555555556,0.5,0.391304347826,0.619047619048,0.5,0.48275862069,0.615384615385,0.612244897959,0.372549019608,0.4,0.533333333333,0.548387096774,0.438596491228,0.520833333333,0.571428571429,0.46511627907,0.5,0.55,0.634615384615,0.611940298507,0.545454545455,0.479166666667,0.509433962264,0.563636363636,0.592592592593,0.45652173913,0.52,0.512195121951,0.5,0.4,0.535714285714,0.519230769231,0.55,0.511627906977,0.525423728814,0.4,0.615384615385,0.565217391304,0.529411764706,0.451612903226,0.5625,0.553846153846,0.486486486486,0.468085106383,0.5,0.612244897959,0.673076923077,0.392156862745,0.482142857143,0.516666666667,0.421052631579,0.409090909091,0.476923076923,0.593220338983,0.48,0.54347826087,0.584905660377,0.483333333333,0.48275862069,0.566666666667,0.511627906977,0.487804878049,0.490196078431,0.604166666667,0.457627118644,0.428571428571,0.490909090909,0.407407407407,0.488888888889,0.545454545455,0.622641509434,0.681818181818,0.5625,0.454545454545,0.358974358974,0.52,0.410714285714,0.548387096774,0.474576271186,0.515625,0.488372093023,0.703703703704,0.612244897959,0.477272727273,0.490196078431,0.558139534884,0.551020408163,0.481481481481,0.444444444444,0.557692307692,0.431034482759,0.341463414634,0.551724137931,0.5625,0.5,0.465517241379,0.510204081633,0.561403508772,0.538461538462,0.484848484848,0.657142857143,0.386363636364,0.507692307692,0.491228070175,0.563636363636,0.561403508772,0.547169811321,0.491803278689,0.54,0.509803921569,0.521739130435,0.490909090909,0.354166666667,0.52,0.545454545455,0.444444444444,0.457142857143,0.510638297872,0.519230769231,0.4,0.461538461538,0.487804878049,0.509090909091,0.509433962264,0.347826086957,0.4375,0.628571428571,0.595744680851,0.636363636364,0.54,0.534482758621,0.625,0.54347826087,0.555555555556,0.415384615385,0.395348837209,0.468085106383,0.511111111111,0.433333333333,0.509803921569,0.4375,0.666666666667,0.509090909091,0.441860465116,0.444444444444,0.56,0.423076923077,0.477272727273,0.51724137931,0.511111111111,0.45652173913,0.44,0.372093023256,0.393939393939,0.5,0.416666666667,0.488888888889,0.423728813559,0.470588235294,0.473684210526,0.459459459459,0.418181818182,0.487179487179,0.540540540541,0.5,0.516129032258,0.5,0.5,0.45652173913,0.396226415094,0.534482758621,0.531914893617,0.605263157895,0.510638297872,0.518518518519,0.542372881356,0.5625,0.485714285714,0.5,0.54347826087,0.487804878049,0.435897435897,0.471698113208,0.534482758621,0.444444444444,0.531914893617,0.46511627907,0.416666666667,0.406779661017,0.537037037037,0.625,0.45,0.529411764706,0.542857142857,0.48275862069,0.472727272727,0.595238095238,0.487804878049,0.531914893617,0.557692307692,0.451612903226,0.564516129032,0.53488372093,0.42,0.518518518519,0.45652173913,0.510204081633,0.526315789474,0.55,0.5,0.5,0.463414634146,0.395348837209,0.590909090909,0.482142857143,0.421052631579,0.627450980392,0.354166666667,0.536585365854,0.473684210526,0.4,0.549019607843,0.533333333333,0.545454545455,0.36,0.518518518519,0.447368421053,0.431034482759,0.622641509434,0.491525423729,0.431818181818,0.565217391304,0.457627118644,0.571428571429,0.65,0.454545454545,0.627450980392,0.530612244898,0.5,0.472727272727,0.472727272727,0.342857142857,0.615384615385,0.380952380952,0.509090909091,0.540540540541,0.54347826087,0.4375,0.482142857143,0.538461538462,0.542372881356,0.542372881356,0.475,0.6,0.564102564103,0.596153846154,0.520833333333,0.468085106383,0.625,0.489361702128,0.452380952381,0.5,0.347826086957,0.563636363636,0.539682539683,0.436363636364,0.454545454545,0.519230769231,0.56,0.382978723404,0.482142857143,0.590909090909,0.489795918367,0.333333333333,0.45652173913,0.558139534884,0.545454545455,0.531914893617,0.511111111111,0.377777777778,0.5,0.531914893617,0.586206896552,0.627906976744,0.387755102041,0.393442622951,0.347826086957,0.538461538462,0.541666666667,0.688888888889,0.418181818182,0.536585365854,0.488888888889,0.438596491228,0.55,0.475,0.514285714286,0.511111111111,0.558139534884,0.491228070175,0.5,0.454545454545,0.510204081633,0.391304347826,0.381818181818,0.467741935484,0.511627906977,0.549019607843,0.422222222222,0.431034482759,0.428571428571,0.405405405405,0.475,0.552631578947,0.413043478261,0.365853658537,0.549019607843,0.358490566038,0.559322033898,0.5,0.322580645161,0.428571428571,0.551020408163,0.450980392157,0.452830188679,0.564102564103,0.584905660377,0.615384615385,0.444444444444,0.468085106383,0.530612244898,0.560975609756,0.515151515152,0.5,0.5625,0.54,0.666666666667,0.390243902439,0.52,0.529411764706,0.428571428571,0.4375,0.542857142857,0.519230769231,0.479166666667,0.64,0.64406779661,0.478260869565,0.56862745098,0.45652173913,0.537313432836,0.4,0.460317460317,0.511627906977,0.480769230769,0.58064516129,0.509433962264,0.545454545455,0.551020408163,0.522727272727,0.595238095238,0.585365853659,0.35,0.555555555556,0.461538461538,0.48,0.471698113208,0.54,0.52380952381,0.470588235294,0.408163265306,0.468085106383,0.446808510638,0.469387755102,0.555555555556,0.589743589744,0.565217391304,0.395348837209,0.466666666667,0.538461538462,0.651162790698,0.509803921569,0.527272727273,0.413793103448,0.473684210526,0.673913043478,0.411764705882,0.584905660377,0.5,0.45652173913,0.446428571429,0.524590163934,0.542857142857,0.391304347826,0.53488372093,0.512820512821,0.518518518519,0.675675675676,0.531914893617,0.428571428571,0.450980392157,0.530303030303,0.469696969697,0.591836734694,0.371428571429,0.478260869565,0.457142857143,0.462962962963,0.472727272727,0.54347826087,0.4375,0.441860465116,0.395833333333,0.629032258065,0.366666666667,0.545454545455,0.386363636364,0.48275862069,0.595744680851,0.577777777778,0.5,0.484375,0.5,0.411764705882,0.454545454545,0.5,0.340425531915,0.391304347826,0.5,0.418604651163,0.576923076923,0.369565217391,0.567567567568,0.411764705882,0.5,0.431818181818,0.408163265306,0.594594594595,0.547619047619,0.510638297872,0.52,0.543859649123,0.543859649123,0.545454545455,0.464285714286,0.618181818182,0.59649122807,0.509433962264,0.454545454545,0.547169811321,0.564102564103,0.5,0.509090909091,0.489361702128,0.5,0.607843137255,0.489361702128,0.538461538462,0.358490566038,0.522727272727,0.475,0.566666666667,0.489361702128,0.461538461538,0.477272727273,0.557692307692,0.5,0.538461538462,0.509803921569,0.442307692308,0.385964912281,0.5,0.4,0.525,0.5,0.435897435897,0.583333333333,0.551020408163,0.463414634146,0.546875,0.617021276596,0.365079365079,0.6,0.425925925926,0.421052631579,0.5,0.296296296296,0.588235294118,0.480769230769,0.515151515152,0.553191489362,0.392857142857,0.4,0.54,0.575,0.560975609756,0.553191489362,0.536585365854,0.488372093023,0.468085106383,0.478260869565,0.473684210526,0.482142857143,0.489361702128,0.586206896552,0.30303030303,0.314285714286,0.4,0.432432432432,0.34693877551,0.540983606557,0.488372093023,0.644444444444,0.4,0.512820512821,0.622222222222,0.5,0.588235294118,0.568965517241,0.36,0.44,0.461538461538,0.574074074074,0.456140350877,0.461538461538,0.528301886792,0.642857142857,0.439024390244,0.478260869565,0.574468085106,0.566037735849,0.566037735849,0.607843137255,0.519230769231,0.470588235294,0.462962962963,0.5,0.489795918367,0.537037037037,0.58,0.581395348837,0.488372093023,0.62,0.565217391304,0.52380952381,0.403846153846,0.47619047619,0.488372093023,0.5,0.408163265306,0.477272727273,0.43137254902,0.458333333333,0.545454545455,0.408163265306,0.450980392157,0.395833333333,0.470588235294,0.446808510638,0.64,0.735849056604,0.638888888889,0.431818181818,0.552631578947,0.527777777778,0.489361702128,0.384615384615,0.4,0.6,0.458333333333,0.508196721311,0.488888888889,0.34693877551,0.533333333333,0.589743589744,0.521739130435,0.652173913043,0.461538461538,0.434782608696,0.428571428571,0.408163265306,0.4375,0.44,0.318181818182,0.431818181818,0.522727272727,0.527777777778,0.473684210526,0.6,0.581395348837,0.591836734694,0.857142857143,0.523076923077,0.48275862069,0.431818181818,0.464285714286,0.470588235294,0.612903225806,0.51724137931,0.466666666667,0.574468085106,0.519230769231,0.542372881356,0.709677419355,0.448979591837,0.595744680851,0.520833333333,0.442307692308,0.363636363636,0.681818181818,0.46,0.533333333333,0.538461538462,0.44,0.520833333333,0.577777777778,0.479166666667,0.42,0.555555555556,0.521739130435,0.608695652174,0.422222222222,0.6,0.448979591837,0.294117647059,0.576271186441,0.5,0.516666666667,0.333333333333,0.608695652174,0.479166666667,0.333333333333,0.609375,0.436363636364,0.416666666667,0.46,0.545454545455,0.615384615385,0.514285714286,0.630434782609,0.327272727273,0.575,0.540983606557,0.491228070175,0.468085106383,0.481481481481,0.5,0.435897435897,0.377777777778,0.297297297297,0.43137254902,0.684210526316,0.37037037037,0.520833333333,0.634615384615,0.428571428571,0.444444444444,0.395348837209,0.457627118644,0.46,0.459459459459,0.477272727273,0.5,0.415094339623,0.508474576271,0.584905660377,0.357142857143,0.5,0.458333333333,0.340425531915,0.5,0.514285714286,0.475,0.55,0.416666666667,0.553191489362,0.568181818182,0.52,0.4375,0.530303030303,0.442307692308,0.592592592593,0.428571428571,0.659090909091,0.5,0.526315789474,0.5,0.5,0.606060606061,0.509803921569,0.452380952381,0.552631578947,0.625,0.509433962264,0.472727272727,0.440677966102,0.396226415094,0.5,0.581395348837,0.490566037736,0.478260869565,0.533333333333,0.45652173913,0.552631578947,0.428571428571,0.313725490196,0.568181818182,0.5,0.5,0.64,0.464285714286,0.627450980392,0.529411764706,0.508771929825,0.571428571429,0.454545454545,0.466666666667,0.457142857143,0.314285714286,0.428571428571,0.531914893617,0.413043478261,0.485714285714,0.542857142857,0.48275862069,0.458333333333,0.5,0.577777777778,0.425531914894,0.375,0.44,0.452380952381,0.475,0.690909090909,0.65,0.560975609756,0.466666666667,0.444444444444,0.551020408163,0.593220338983,0.592592592593,0.516129032258,0.4,0.492537313433,0.464285714286,0.5,0.508771929825,0.421052631579,0.473684210526,0.5,0.396825396825,0.433962264151,0.509803921569,0.483870967742,0.54,0.375,0.547169811321,0.493150684932,0.470588235294,0.5,0.5,0.526315789474,0.613636363636,0.363636363636,0.53125,0.488888888889,0.46,0.47619047619,0.6,0.641509433962,0.541666666667,0.613636363636,0.473684210526,0.444444444444,0.5,0.565217391304,0.549019607843,0.365853658537,0.333333333333,0.5625,0.433333333333,0.448979591837,0.435897435897,0.5,0.42,0.538461538462,0.549019607843,0.4,0.545454545455,0.604651162791,0.666666666667,0.416666666667,0.428571428571,0.609756097561,0.628571428571,0.452380952381,0.586206896552,0.678571428571,0.558823529412,0.5,0.5,0.549019607843,0.510638297872,0.568181818182,0.405405405405,0.459016393443,0.530612244898,0.576271186441,0.451612903226,0.444444444444,0.479166666667,0.425531914894,0.489795918367,0.428571428571,0.487804878049,0.65,0.5,0.5,0.473684210526,0.508196721311,0.404761904762,0.5,0.46,0.538461538462,0.484848484848,0.536585365854,0.323529411765,0.642857142857,0.551724137931,0.448979591837,0.545454545455,0.444444444444,0.5625,0.6,0.627906976744,0.529411764706,0.48275862069,0.566037735849,0.577777777778,0.587301587302,0.422222222222,0.520833333333,0.4,0.5625,0.421052631579,0.509803921569,0.4375,0.825,0.5,0.5,0.581395348837,0.354838709677,0.44,0.587301587302,0.566037735849,0.6875,0.492537313433,0.530612244898,0.490196078431,0.547619047619,0.5,0.5,0.516129032258,0.462962962963,0.462962962963,0.423076923077,0.433962264151,0.5,0.333333333333,0.56862745098,0.607843137255,0.511111111111,0.586956521739,0.549019607843,0.530612244898,0.545454545455,0.454545454545,0.568181818182,0.488372093023,0.487179487179,0.6,0.5,0.510638297872,0.5,0.528301886792,0.333333333333,0.510638297872,0.509433962264,0.46511627907,0.608695652174,0.46,0.508474576271,0.545454545455,0.5,0.5,0.522727272727,0.4,0.508474576271,0.433962264151,0.51724137931,0.566666666667,0.583333333333,0.478260869565,0.625,0.555555555556,0.441860465116,0.5,0.4375,0.590909090909,0.617647058824,0.588235294118,0.585365853659,0.5,0.567567567568,0.511627906977,0.47619047619,0.549019607843,0.510204081633,0.531914893617,0.589743589744,0.542857142857,0.481481481481,0.530612244898,0.384615384615,0.56,0.484848484848,0.565217391304,0.555555555556,0.384615384615,0.485714285714,0.552631578947,0.578947368421,0.512820512821,0.5,0.5,0.568181818182,0.413043478261,0.4,0.470588235294,0.446808510638,0.520833333333,0.543859649123,0.533333333333,0.380952380952,0.333333333333,0.46511627907,0.549019607843,0.425531914894,0.418604651163,0.433333333333,0.571428571429,0.478260869565,0.619047619048,0.617021276596,0.5625,0.62962962963,0.529411764706,0.531914893617,0.425,0.478873239437,0.528301886792,0.490909090909,0.541666666667,0.553191489362,0.666666666667,0.595238095238,0.574074074074,0.560975609756,0.490196078431,0.509090909091,0.596153846154,0.389830508475,0.644444444444,0.704545454545,0.276595744681,0.458333333333,0.528301886792,0.612244897959,0.442307692308,0.545454545455,0.309090909091,0.385964912281,0.555555555556,0.425531914894,0.317073170732,0.406779661017,0.452380952381,0.53125,0.530612244898,0.454545454545,0.553191489362,0.533333333333,0.603448275862,0.536585365854,0.594594594595,0.607843137255,0.509433962264,0.74358974359,0.553191489362,0.452830188679,0.404255319149,0.416666666667,0.5,0.484848484848,0.444444444444,0.558139534884,0.590909090909,0.584905660377,0.447368421053,0.52380952381,0.452380952381,0.4,0.490566037736,0.452830188679,0.486486486486,0.433962264151,0.466666666667,0.521739130435,0.477272727273,0.605263157895,0.448979591837,0.36170212766,0.470588235294,0.272727272727,0.37037037037,0.6,0.526315789474,0.548387096774,0.551020408163,0.490196078431,0.508196721311,0.5625,0.413043478261,0.490196078431,0.509433962264,0.404761904762,0.510638297872,0.637931034483,0.375,0.537037037037,0.604166666667,0.461538461538,0.625,0.372549019608,0.450980392157,0.441860465116,0.359375,0.468085106383,0.565217391304,0.489795918367,0.433333333333,0.673469387755,0.490909090909,0.479166666667,0.456140350877,0.586956521739,0.5,0.632653061224,0.514285714286,0.573770491803,0.657894736842,0.5,0.454545454545,0.536585365854,0.5,0.450980392157,0.541666666667,0.5,0.5,0.517857142857,0.533333333333,0.596774193548,0.634615384615,0.452830188679,0.425531914894,0.474576271186,0.571428571429,0.636363636364,0.553191489362,0.487179487179,0.333333333333,0.406779661017,0.475409836066,0.632653061224,0.436363636364,0.603773584906,0.491525423729,0.42,0.540540540541,0.488372093023,0.45652173913,0.434782608696,0.55,0.552631578947,0.589743589744,0.633333333333,0.483870967742,0.465517241379,0.509433962264,0.611111111111,0.5,0.470588235294,0.522727272727,0.558139534884,0.52,0.542857142857,0.243243243243,0.510204081633,0.377777777778,0.551020408163,0.469387755102,0.451612903226,0.571428571429,0.45652173913,0.511627906977,0.477272727273,0.479166666667,0.425531914894,0.555555555556,0.522727272727,0.461538461538,0.465517241379,0.393939393939,0.477272727273,0.458333333333,0.363636363636,0.596774193548,0.578947368421,0.486486486486,0.478260869565,0.375,0.571428571429,0.583333333333,0.489795918367,0.555555555556,0.488888888889,0.533333333333,0.537037037037,0.458333333333,0.47619047619,0.483870967742,0.380952380952,0.368421052632,0.518518518519,0.304347826087,0.527777777778,0.5,0.611111111111,0.509433962264,0.532258064516,0.486486486486,0.431034482759,0.480769230769,0.365853658537,0.395348837209,0.510638297872,0.491228070175,0.619047619048,0.666666666667,0.666666666667,0.396226415094,0.540540540541,0.355555555556,0.444444444444,0.446428571429,0.444444444444,0.54347826087,0.5,0.530612244898,0.510638297872,0.472727272727,0.454545454545,0.349206349206,0.59375,0.477272727273,0.581395348837,0.477272727273,0.564102564103,0.489795918367,0.490909090909,0.519230769231,0.533333333333,0.457142857143,0.509090909091,0.516129032258,0.517857142857,0.526315789474,0.488888888889,0.537037037037,0.388888888889,0.442307692308,0.604166666667,0.58064516129,0.367346938776,0.444444444444,0.620689655172,0.543859649123,0.566037735849,0.430769230769,0.64,0.547619047619,0.36170212766,0.38,0.404255319149,0.454545454545,0.642857142857,0.514285714286,0.478260869565,0.439024390244,0.38,0.45652173913,0.46,0.46511627907,0.457142857143,0.571428571429,0.461538461538,0.490196078431,0.531914893617,0.674418604651,0.45652173913,0.509433962264,0.6,0.491228070175,0.527272727273,0.553191489362,0.549019607843,0.4375,0.591836734694,0.551020408163,0.551020408163,0.404761904762,0.454545454545,0.568181818182,0.409090909091,0.5,0.507692307692,0.480769230769,0.452380952381,0.553191489362,0.43137254902,0.490909090909,0.509433962264,0.529411764706,0.472727272727,0.5,0.42,0.528301886792,0.531914893617,0.512195121951,0.566037735849,0.380952380952,0.479166666667,0.510638297872,0.491525423729,0.480769230769,0.6,0.5,0.428571428571,0.441860465116,0.394736842105,0.5,0.348837209302,0.529411764706,0.53488372093,0.311111111111,0.583333333333,0.423076923077,0.490196078431,0.531914893617,0.62962962963,0.618181818182,0.35,0.451612903226,0.612903225806,0.512820512821,0.459016393443,0.489361702128,0.520833333333,0.5,0.518518518519,0.577777777778,0.488372093023,0.619047619048,0.533333333333,0.478260869565,0.517857142857,0.491228070175,0.456140350877,0.428571428571,0.5,0.441860465116,0.446808510638,0.576271186441,0.466666666667,0.516666666667,0.561403508772,0.450704225352,0.5,0.590163934426,0.469387755102,0.633333333333,0.492307692308,0.5,0.413043478261,0.418604651163,0.439024390244,0.522727272727,0.574468085106,0.478260869565,0.464285714286,0.490566037736,0.392156862745,0.458333333333,0.591549295775,0.6,0.470588235294,0.543859649123,0.333333333333,0.604166666667,0.590909090909,0.480769230769,0.586956521739,0.522727272727,0.584905660377,0.474576271186,0.48275862069,0.442307692308,0.586956521739,0.432432432432,0.433962264151,0.433333333333,0.535714285714,0.529411764706,0.436363636364,0.517857142857,0.545454545455,0.595238095238,0.372093023256,0.512820512821,0.533333333333,0.340909090909,0.705882352941,0.69387755102,0.647058823529,0.465517241379,0.5,0.604166666667,0.44262295082,0.519230769231,0.436363636364,0.52,0.416666666667,0.507462686567,0.52,0.516129032258,0.6,0.410256410256,0.490196078431,0.384615384615,0.472727272727,0.575757575758,0.586206896552,0.452380952381,0.542372881356,0.450980392157,0.576271186441,0.4,0.491228070175,0.466666666667,0.473684210526,0.595744680851,0.348837209302,0.5,0.545454545455,0.444444444444,0.433333333333,0.47619047619,0.478873239437,0.478260869565,0.529411764706,0.518518518519,0.368421052632,0.473684210526,0.465517241379,0.4375,0.592592592593,0.540540540541,0.487179487179,0.475,0.528301886792,0.520833333333,0.46,0.547169811321,0.651162790698,0.46511627907,0.428571428571,0.52380952381,0.583333333333,0.567164179104,0.466666666667,0.449275362319,0.636363636364,0.55,0.56862745098,0.5625,0.566037735849,0.473684210526,0.45,0.574468085106,0.585365853659,0.527272727273,0.521739130435,0.534482758621,0.571428571429,0.612903225806,0.490909090909,0.553191489362,0.530612244898,0.416666666667,0.396825396825,0.65625,0.622950819672,0.408163265306,0.470588235294,0.44,0.431034482759,0.456140350877,0.586956521739,0.511111111111,0.471698113208,0.46,0.581818181818,0.454545454545,0.444444444444,0.529411764706,0.456140350877,0.428571428571,0.415094339623,0.431818181818,0.418604651163,0.5,0.480769230769,0.487804878049,0.52,0.527272727273,0.519230769231,0.482142857143,0.551724137931,0.413793103448,0.491803278689,0.416666666667,0.433962264151,0.370967741935,0.509803921569,0.5625,0.434782608696,0.461538461538,0.5,0.590909090909,0.560975609756,0.490196078431,0.48,0.383333333333,0.545454545455,0.314814814815,0.490196078431,0.480769230769,0.415094339623,0.407407407407,0.511111111111,0.478260869565,0.852941176471,0.384615384615,0.481481481481,0.346153846154,0.4,0.565217391304,0.555555555556,0.5,0.489361702128,0.4375,0.527272727273,0.519230769231,0.421052631579,0.425925925926,0.422222222222,0.462962962963,0.5,0.378378378378,0.368421052632,0.5,0.395833333333,0.466666666667,0.536585365854,0.444444444444,0.479166666667,0.462962962963,0.446808510638,0.450980392157,0.513513513514,0.363636363636,0.479166666667,0.59375,0.5625,0.583333333333,0.571428571429,0.486486486486,0.5,0.488372093023,0.448275862069,0.489795918367,0.48,0.469387755102,0.489795918367,0.451612903226,0.520833333333,0.636363636364,0.611111111111,0.4375,0.595744680851,0.515625,0.46875,0.478260869565,0.527272727273,0.537037037037,0.428571428571,0.465517241379,0.381818181818,0.6,0.531914893617,0.551020408163,0.5,0.48275862069,0.54347826087,0.5,0.52380952381,0.617021276596,0.45652173913,0.566037735849,0.454545454545,0.568181818182,0.5,0.474576271186,0.509803921569,0.551724137931,0.52,0.479166666667,0.492063492063,0.446428571429,0.4,0.52,0.421052631579,0.479166666667,0.555555555556,0.511627906977,0.466666666667,0.52,0.522727272727,0.557692307692,0.553571428571,0.5,0.608695652174,0.595744680851,0.542372881356,0.422222222222,0.444444444444,0.467741935484,0.470588235294,0.542372881356,0.522727272727,0.475,0.574468085106,0.461538461538,0.589743589744,0.410714285714,0.444444444444,0.4,0.52,0.421052631579,0.551020408163,0.512195121951,0.472727272727,0.583333333333,0.525,0.65306122449,0.483333333333,0.47619047619,0.35,0.5,0.528301886792,0.479166666667,0.509433962264,0.458333333333,0.489361702128,0.512195121951,0.612244897959,0.603773584906,0.55,0.516666666667,0.463414634146,0.431034482759,0.537037037037,0.528301886792,0.413793103448,0.5,0.4,0.6,0.609756097561,0.433962264151,0.510204081633,0.310344827586,0.482142857143,0.285714285714,0.568181818182,0.56,0.46,0.48275862069,0.542372881356,0.56862745098,0.387755102041,0.625,0.511627906977,0.43137254902,0.511111111111,0.649122807018,0.457627118644,0.568181818182,0.488372093023,0.547619047619,0.613636363636,0.491228070175,0.48,0.553571428571,0.428571428571,0.46,0.490566037736,0.452380952381,0.433962264151,0.588235294118,0.592592592593,0.558139534884,0.36170212766,0.58,0.565217391304,0.462686567164,0.553191489362,0.630434782609,0.525423728814,0.490909090909,0.520833333333,0.535714285714,0.423076923077,0.645833333333,0.469387755102,0.4375,0.526315789474,0.462962962963,0.565217391304,0.395833333333,0.509433962264,0.4,0.444444444444,0.540983606557,0.53488372093,0.529411764706,0.509433962264,0.509433962264,0.410714285714,0.520833333333,0.645833333333,0.367346938776,0.347826086957,0.45,0.480769230769,0.62,0.487804878049,0.4375,0.528301886792,0.5,0.627450980392,0.478260869565,0.512820512821,0.530612244898,0.471698113208,0.603773584906,0.483870967742,0.516666666667,0.478873239437,0.5,0.538461538462,0.44,0.519230769231,0.591836734694,0.552631578947,0.452380952381,0.489795918367,0.46,0.566037735849,0.446428571429,0.410256410256,0.475409836066,0.604166666667,0.642857142857,0.510204081633,0.595744680851,0.588235294118,0.540983606557,0.466666666667,0.611111111111,0.5,0.5,0.625,0.489795918367,0.396551724138,0.566037735849,0.615384615385,0.519230769231,0.461538461538,0.432432432432,0.56,0.463414634146,0.47619047619,0.385964912281,0.394736842105,0.58,0.605263157895,0.574468085106,0.607843137255,0.444444444444,0.473684210526,0.5,0.368421052632,0.520833333333,0.48275862069,0.43137254902,0.408163265306,0.452830188679,0.530612244898,0.553191489362,0.5,0.6,0.47619047619,0.468085106383,0.522727272727,0.567567567568,0.536585365854,0.521739130435,0.469696969697,0.462962962963,0.480769230769,0.411764705882,0.510638297872,0.520833333333,0.568181818182,0.491228070175,0.627450980392,0.452830188679,0.48,0.577777777778,0.428571428571,0.613636363636,0.627906976744,0.380952380952,0.475,0.488372093023,0.471698113208,0.518518518519,0.547169811321,0.536585365854,0.555555555556,0.477272727273,0.615384615385,0.578947368421,0.478260869565,0.368421052632,0.47619047619,0.553571428571,0.511627906977,0.551724137931,0.675,0.405405405405,0.378378378378,0.512820512821,0.482142857143,0.590909090909,0.465753424658,0.4,0.615384615385,0.5,0.538461538462,0.508771929825,0.5,0.6,0.470588235294,0.513513513514,0.632653061224,0.46511627907,0.527272727273,0.435897435897,0.491525423729,0.473684210526,0.475,0.489795918367,0.407407407407,0.56,0.432432432432,0.478260869565,0.518518518519,0.481481481481,0.46511627907,0.403846153846,0.622222222222,0.512195121951,0.458333333333,0.720930232558,0.384615384615,0.508771929825,0.689655172414,0.448979591837,0.483870967742,0.6,0.510638297872,0.488888888889,0.563636363636,0.62,0.547169811321,0.5,0.488888888889,0.487179487179,0.480769230769,0.55,0.5,0.627450980392,0.547169811321,0.511627906977,0.491228070175,0.44262295082,0.611111111111,0.576923076923,0.535714285714,0.479166666667,0.472727272727,0.473684210526,0.541666666667,0.5,0.484848484848,0.573770491803,0.674418604651,0.405405405405,0.574074074074,0.46,0.390243902439,0.477272727273,0.341463414634,0.560975609756,0.481481481481,0.425925925926,0.55,0.5625,0.490566037736,0.436363636364,0.530612244898,0.388888888889,0.537313432836,0.322580645161,0.533333333333,0.648148148148,0.354166666667,0.477272727273,0.553191489362,0.465517241379,0.52,0.533333333333,0.517857142857,0.477272727273,0.553571428571,0.45,0.545454545455,0.511111111111,0.634146341463,0.489795918367,0.62,0.578947368421,0.56862745098,0.48275862069,0.616666666667,0.490909090909,0.473684210526,0.479166666667,0.54,0.531914893617,0.46511627907,0.564102564103,0.529411764706,0.475409836066,0.551020408163,0.4,0.594594594595,0.424242424242,0.5625,0.558139534884,0.375,0.525,0.4,0.575757575758,0.56,0.525423728814,0.363636363636,0.341463414634,0.491525423729,0.585365853659,0.528301886792,0.56,0.585365853659,0.388888888889,0.426229508197,0.436363636364,0.547169811321,0.596153846154,0.36170212766,0.488888888889,0.428571428571,0.333333333333,0.444444444444,0.536585365854,0.58,0.490909090909,0.591836734694,0.490909090909,0.5,0.422222222222,0.516666666667,0.473684210526,0.433962264151,0.560975609756,0.565217391304,0.458333333333,0.510638297872,0.436363636364,0.594594594595,0.490196078431,0.613636363636,0.527272727273,0.566037735849,0.489795918367,0.690476190476,0.536585365854,0.56862745098,0.474576271186,0.482142857143,0.479166666667,0.571428571429,0.44,0.603773584906,0.530612244898,0.519230769231,0.540540540541,0.52,0.516666666667,0.48,0.515151515152,0.4,0.466666666667,0.5,0.381818181818,0.431818181818,0.584905660377,0.471428571429,0.518518518519,0.432432432432,0.614035087719,0.5,0.639344262295,0.657534246575,0.62962962963,0.695652173913,0.45,0.526315789474,0.634146341463,0.612244897959,0.583333333333,0.594202898551,0.45652173913,0.46,0.5,0.540540540541,0.54347826087,0.471698113208,0.536585365854,0.518518518519,0.416666666667,0.423076923077,0.434782608696,0.540540540541,0.492063492063,0.440677966102,0.454545454545,0.537037037037,0.529411764706,0.32,0.5,0.416666666667,0.5,0.45,0.395833333333,0.533333333333,0.614035087719,0.477272727273,0.52,0.597014925373,0.534482758621,0.481481481481,0.490566037736,0.317073170732,0.529411764706,0.666666666667,0.490909090909,0.512195121951,0.527272727273,0.51724137931,0.520833333333,0.666666666667,0.433333333333,0.5,0.625,0.585365853659,0.612244897959,0.425,0.588235294118,0.52,0.435897435897,0.444444444444,0.387096774194,0.543859649123,0.557692307692,0.351351351351,0.5,0.6,0.444444444444,0.65625,0.383333333333,0.45,0.568965517241,0.666666666667,0.5,0.470588235294,0.451612903226,0.56,0.47619047619,0.446428571429,0.25,0.488888888889,0.517857142857,0.430769230769,0.510204081633,0.52380952381,0.466666666667,0.509433962264,0.603773584906,0.413043478261,0.620689655172,0.552631578947,0.509090909091,0.462962962963,0.5,0.581818181818,0.433333333333,0.594594594595,0.46511627907,0.375,0.512820512821,0.530612244898,0.489795918367,0.588235294118,0.51724137931,0.35,0.675675675676,0.535714285714,0.58,0.512195121951,0.5,0.552631578947,0.606557377049,0.479166666667,0.53125,0.647058823529,0.508771929825,0.559322033898,0.555555555556,0.524590163934,0.471698113208,0.470588235294,0.557142857143,0.54347826087,0.557692307692,0.454545454545,0.461538461538,0.438596491228,0.333333333333,0.720930232558,0.44,0.585365853659,0.553191489362,0.509433962264,0.571428571429,0.518518518519,0.473684210526,0.428571428571,0.533333333333,0.615384615385,0.511627906977,0.491525423729,0.56,0.571428571429,0.468085106383,0.491803278689,0.538461538462,0.537037037037,0.508196721311,0.45,0.37037037037,0.466666666667,0.478260869565,0.583333333333,0.483870967742,0.604166666667,0.425925925926,0.674418604651,0.444444444444,0.431818181818,0.511627906977,0.603174603175,0.522388059701,0.509433962264,0.4,0.351851851852,0.660377358491,0.567567567568,0.435897435897,0.549019607843,0.531914893617,0.521739130435,0.34693877551,0.408163265306,0.434782608696,0.531914893617,0.622222222222,0.372093023256,0.482142857143,0.491803278689,0.388888888889,0.423076923077,0.525423728814,0.532258064516,0.527272727273,0.578947368421,0.491228070175,0.488372093023,0.604166666667,0.4,0.409090909091,0.531914893617,0.5,0.447368421053,0.561403508772,0.47619047619,0.52,0.333333333333,0.490909090909,0.461538461538,0.617021276596,0.511111111111,0.538461538462,0.542372881356,0.583333333333,0.418604651163,0.476923076923,0.595238095238,0.555555555556,0.563636363636,0.5,0.470588235294,0.377777777778,0.607843137255,0.571428571429,0.538461538462,0.466666666667,0.382352941176,0.542857142857,0.470588235294,0.4375,0.404255319149,0.387755102041,0.478260869565,0.536585365854,0.491525423729,0.481481481481,0.464788732394,0.666666666667,0.5,0.490196078431,0.467741935484,0.469387755102,0.472727272727,0.428571428571,0.52380952381,0.395348837209,0.56862745098,0.632653061224,0.571428571429,0.435897435897,0.390243902439,0.487179487179,0.466666666667,0.555555555556,0.534482758621,0.547619047619,0.5,0.529411764706,0.5,0.408163265306,0.545454545455,0.431034482759,0.444444444444,0.62962962963,0.434782608696,0.394736842105,0.406779661017,0.566037735849,0.433962264151,0.490909090909,0.479166666667,0.62,0.5,0.450980392157,0.488372093023,0.5,0.38,0.576923076923,0.52380952381,0.372549019608,0.56862745098,0.652173913043,0.545454545455,0.448275862069,0.52380952381,0.46,0.571428571429,0.491228070175,0.423728813559,0.48275862069,0.538461538462,0.486486486486,0.596774193548,0.539682539683,0.571428571429,0.581395348837,0.46511627907,0.531914893617,0.545454545455,0.5,0.536585365854,0.487179487179,0.526315789474,0.452830188679,0.509090909091,0.569230769231,0.454545454545,0.66,0.542372881356,0.466666666667,0.489795918367,0.566037735849,0.634146341463,0.56862745098,0.531914893617,0.5625,0.461538461538,0.545454545455,0.488888888889,0.41935483871,0.526315789474,0.454545454545,0.677419354839,0.6,0.552631578947,0.45652173913,0.558139534884,0.518518518519,0.487804878049,0.530612244898,0.471698113208,0.528301886792,0.5,0.53125,0.54,0.475,0.566037735849,0.446808510638,0.444444444444,0.526315789474,0.529411764706,0.574074074074,0.5,0.567567567568,0.604166666667,0.363636363636,0.571428571429,0.684210526316,0.685714285714,0.522727272727,0.604651162791,0.6,0.611111111111,0.467741935484,0.410714285714,0.418604651163,0.470588235294,0.410256410256,0.436363636364,0.508196721311,0.526315789474,0.647058823529,0.378378378378,0.454545454545,0.525,0.452830188679,0.433962264151,0.526315789474,0.558823529412,0.485714285714,0.564102564103,0.472222222222,0.391304347826,0.370967741935,0.436363636364,0.469387755102,0.518518518519,0.564102564103,0.489361702128,0.458333333333,0.576271186441,0.333333333333,0.483870967742,0.348837209302,0.382978723404,0.5,0.393939393939,0.473684210526,0.407407407407,0.674418604651,0.560975609756,0.526315789474,0.404761904762,0.456140350877,0.508771929825,0.630434782609,0.545454545455,0.5,0.384615384615,0.461538461538,0.551020408163,0.611111111111,0.551020408163,0.58,0.413793103448,0.518518518519,0.485714285714,0.538461538462,0.568965517241,0.462962962963,0.59649122807,0.489361702128,0.441176470588,0.530612244898,0.483333333333,0.403846153846,0.326530612245,0.395833333333,0.481481481481,0.414634146341,0.530612244898,0.368421052632,0.47619047619,0.489361702128,0.441860465116,0.478260869565,0.6,0.479166666667,0.627906976744,0.68085106383,0.540540540541,0.575,0.416666666667,0.5625,0.522727272727,0.413793103448,0.428571428571,0.583333333333,0.619047619048,0.638888888889,0.607843137255,0.632653061224,0.547619047619,0.5,0.695652173913,0.38,0.545454545455,0.487804878049,0.527777777778,0.474576271186,0.457627118644,0.513513513514,0.6,0.425925925926,0.512195121951,0.608695652174,0.589285714286,0.458333333333,0.538461538462,0.462962962963,0.645833333333,0.525423728814,0.642857142857,0.36170212766,0.454545454545,0.4,0.516129032258,0.444444444444,0.625,0.62,0.413793103448,0.489361702128,0.48,0.466666666667,0.51724137931,0.54,0.415094339623,0.575,0.615384615385,0.604166666667,0.480769230769,0.590163934426,0.469696969697,0.363636363636,0.487804878049,0.45,0.483870967742,0.395348837209,0.619047619048,0.545454545455,0.563636363636,0.436363636364,0.42,0.416666666667,0.54347826087,0.547619047619,0.473684210526,0.426229508197,0.408163265306,0.354166666667,0.581395348837,0.521739130435,0.492307692308,0.431034482759,0.452830188679,0.5,0.5625,0.452380952381,0.586956521739,0.571428571429,0.474576271186,0.408163265306,0.55,0.628571428571,0.5,0.695652173913,0.612244897959,0.428571428571,0.521739130435,0.466666666667,0.51724137931,0.545454545455,0.577777777778,0.534482758621,0.583333333333,0.555555555556,0.6,0.526315789474,0.575757575758,0.521739130435,0.568181818182,0.396226415094,0.490196078431,0.466666666667,0.473684210526,0.518518518519,0.5,0.573529411765,0.53488372093,0.55,0.807692307692,0.6,0.615384615385,0.442307692308,0.586956521739,0.738095238095,0.702127659574,0.458333333333,0.534482758621,0.415094339623,0.478873239437,0.576923076923,0.591836734694,0.462962962963,0.396551724138,0.358490566038,0.519230769231,0.549019607843,0.5,0.586956521739,0.545454545455,0.369565217391,0.428571428571,0.441176470588,0.380952380952,0.537313432836,0.491525423729,0.466666666667,0.567567567568,0.454545454545,0.467741935484,0.509433962264,0.454545454545,0.438596491228,0.516666666667,0.538461538462,0.40350877193,0.509433962264,0.595238095238,0.636363636364,0.491228070175,0.407407407407,0.509803921569,0.58,0.586956521739,0.434782608696,0.4,0.586956521739,0.525,0.407407407407,0.6,0.466666666667,0.410256410256,0.508771929825,0.512195121951,0.53488372093,0.40350877193,0.5,0.5,0.42,0.462962962963,0.512820512821,0.490196078431,0.392156862745,0.688888888889,0.515151515152,0.43137254902,0.555555555556,0.606557377049,0.512820512821,0.588235294118,0.415094339623,0.520833333333,0.470588235294,0.428571428571,0.463414634146,0.528301886792,0.446428571429,0.421052631579,0.555555555556,0.372093023256,0.51724137931,0.509803921569,0.5,0.538461538462,0.444444444444,0.517857142857,0.4375,0.425925925926,0.483333333333,0.661016949153,0.491525423729,0.55,0.38,0.634615384615,0.588235294118,0.625,0.72,0.558139534884,0.537037037037,0.451612903226,0.433962264151,0.571428571429,0.5,0.605263157895,0.5,0.46,0.53488372093,0.569230769231,0.510638297872,0.547619047619,0.6,0.527272727273,0.318181818182,0.490909090909,0.488372093023,0.547619047619,0.55,0.547619047619,0.392156862745,0.452380952381,0.452830188679,0.40625,0.571428571429,0.525,0.512195121951,0.558139534884,0.363636363636,0.481481481481,0.391304347826,0.435897435897,0.56862745098,0.414634146341,0.4375,0.481481481481,0.452380952381,0.542372881356,0.555555555556,0.304347826087,0.527272727273,0.464285714286,0.431818181818,0.533333333333,0.396226415094,0.538461538462,0.518518518519,0.381818181818,0.413043478261,0.52380952381,0.448275862069,0.48275862069,0.477272727273,0.5,0.5,0.470588235294,0.425925925926,0.574074074074,0.409836065574,0.568181818182,0.511111111111,0.45,0.528301886792,0.517857142857,0.625,0.438596491228,0.5,0.470588235294,0.6,0.560975609756,0.5,0.515151515152,0.509090909091,0.51724137931,0.5,0.44262295082,0.410714285714,0.510638297872,0.525,0.489795918367,0.510638297872,0.456140350877,0.386363636364,0.731707317073,0.666666666667,0.590909090909,0.620689655172,0.578947368421,0.595238095238,0.547619047619,0.547619047619,0.507462686567,0.448275862069,0.526315789474,0.326923076923,0.511111111111,0.462962962963,0.432432432432,0.477272727273,0.545454545455,0.606060606061,0.492753623188,0.434782608696,0.510638297872,0.536585365854,0.563636363636,0.552631578947,0.392857142857,0.586956521739,0.530612244898,0.483333333333,0.489795918367,0.489361702128,0.46511627907,0.411764705882,0.5,0.536231884058,0.458333333333,0.530303030303,0.533333333333,0.436363636364,0.473684210526,0.470588235294,0.48,0.538461538462,0.615384615385,0.392156862745,0.659574468085,0.510638297872,0.408163265306,0.578947368421,0.578125,0.454545454545,0.411764705882,0.428571428571,0.375,0.277777777778,0.379310344828,0.549019607843,0.472727272727,0.490196078431,0.344827586207,0.384615384615,0.470588235294,0.5,0.540983606557,0.472727272727,0.611111111111,0.571428571429,0.543859649123,0.5625,0.403846153846,0.5,0.545454545455,0.642857142857,0.461538461538,0.608695652174,0.395348837209,0.375,0.384615384615,0.464285714286,0.526315789474,0.5,0.564102564103,0.413793103448,0.396551724138,0.425531914894,0.574074074074,0.384615384615,0.404761904762,0.612244897959,0.463414634146,0.431818181818,0.4375,0.690476190476,0.4,0.5625,0.577777777778,0.473684210526,0.466666666667,0.3,0.418604651163,0.533333333333,0.5,0.521739130435,0.549019607843,0.487179487179,0.47619047619,0.463414634146,0.461538461538,0.5,0.463414634146,0.529411764706,0.516129032258,0.585365853659,0.540983606557,0.537037037037,0.467741935484,0.442307692308,0.522727272727,0.608695652174,0.481481481481,0.375,0.51724137931,0.510638297872,0.5,0.608695652174,0.418604651163,0.425925925926,0.421052631579,0.565217391304,0.75,0.367346938776,0.396825396825,0.555555555556,0.510204081633,0.521739130435,0.510204081633,0.5,0.5,0.323529411765,0.444444444444,0.456140350877,0.469387755102,0.431034482759,0.553571428571,0.520833333333,0.446808510638,0.413043478261,0.51724137931,0.55,0.390243902439,0.454545454545,0.55,0.491525423729,0.45,0.55,0.454545454545,0.6,0.395833333333,0.589285714286,0.481481481481,0.55,0.5625,0.43137254902,0.489795918367,0.454545454545,0.568181818182,0.6,0.567567567568,0.395833333333,0.434782608696,0.519230769231,0.534482758621,0.5,0.461538461538,0.672413793103,0.488372093023,0.516666666667,0.423076923077,0.475,0.583333333333,0.466666666667,0.423728813559,0.423076923077,0.452380952381,0.553571428571,0.4,0.607142857143,0.62,0.5,0.595238095238,0.567567567568,0.511111111111,0.464285714286,0.488372093023,0.619047619048,0.590909090909,0.518518518519,0.442307692308,0.46511627907,0.44,0.485714285714,0.431034482759,0.384615384615,0.553846153846,0.509803921569,0.468085106383,0.465517241379,0.490196078431,0.642857142857,0.448979591837,0.479166666667,0.560975609756,0.589743589744,0.573770491803,0.454545454545,0.551724137931,0.47619047619,0.546875,0.409090909091,0.45652173913,0.571428571429,0.645161290323,0.537037037037,0.522727272727,0.425531914894,0.475409836066,0.426229508197,0.5,0.410256410256,0.5,0.5,0.574468085106,0.558823529412,0.584905660377,0.5,0.425531914894,0.478873239437,0.489361702128,0.66,0.375,0.464285714286,0.549019607843,0.404761904762,0.390243902439,0.622641509434,0.647058823529,0.568965517241,0.510204081633,0.487804878049,0.611111111111,0.483333333333,0.54,0.454545454545,0.59649122807,0.274193548387,0.384615384615,0.565217391304,0.486486486486,0.418604651163,0.361111111111,0.571428571429,0.641025641026,0.51724137931,0.568965517241,0.450980392157,0.365079365079,0.5,0.531914893617,0.616666666667,0.421052631579,0.489361702128,0.606060606061,0.490909090909,0.553191489362,0.442307692308,0.416666666667,0.457627118644,0.46,0.410714285714,0.617647058824,0.446428571429,0.428571428571,0.574074074074,0.395833333333,0.546875,0.611111111111,0.558139534884,0.509090909091,0.525,0.616666666667,0.478260869565,0.637931034483,0.612244897959,0.58,0.590909090909,0.6,0.530612244898,0.4375,0.473684210526,0.51724137931,0.553191489362,0.488372093023,0.488372093023,0.678571428571,0.431818181818,0.627450980392,0.526315789474,0.366666666667,0.446808510638,0.5,0.326530612245,0.404761904762,0.5,0.540983606557,0.545454545455,0.441860465116,0.590163934426,0.492063492063,0.558823529412,0.383561643836,0.488888888889,0.509433962264,0.5,0.533333333333,0.444444444444,0.418181818182,0.41935483871,0.56862745098,0.511627906977,0.508196721311,0.406779661017,0.475409836066,0.555555555556,0.581395348837,0.578947368421,0.56862745098,0.709677419355,0.351851851852,0.4,0.528301886792,0.509090909091,0.428571428571,0.571428571429,0.66,0.551724137931,0.508196721311,0.409836065574,0.525423728814,0.604166666667,0.638888888889,0.476923076923,0.489795918367,0.463768115942,0.510638297872,0.530612244898,0.52,0.527777777778,0.377777777778,0.379310344828,0.520833333333,0.553191489362,0.440677966102,0.475,0.617021276596,0.450980392157,0.447368421053,0.537313432836,0.5,0.571428571429,0.5,0.617021276596,0.636363636364,0.518518518519,0.576923076923,0.444444444444,0.521739130435,0.634146341463,0.533333333333,0.615384615385,0.444444444444,0.486486486486,0.5,0.541666666667,0.424242424242,0.607843137255,0.647058823529,0.435897435897,0.48275862069,0.487179487179,0.5,0.474576271186,0.479166666667,0.52380952381,0.470588235294,0.559322033898,0.576923076923,0.368421052632,0.558139534884,0.405405405405,0.475,0.578947368421,0.571428571429,0.5,0.441176470588,0.425531914894,0.575,0.593220338983,0.463414634146,0.5,0.519230769231,0.586956521739,0.5,0.333333333333,0.533333333333,0.571428571429,0.56,0.381818181818,0.511111111111,0.479166666667,0.466666666667,0.44,0.469387755102,0.5,0.512195121951,0.479166666667,0.540540540541,0.542857142857,0.536585365854,0.45,0.369565217391,0.470588235294,0.4,0.54347826087,0.534482758621,0.645161290323,0.525,0.38,0.43137254902,0.5,0.490196078431,0.384615384615,0.539473684211,0.746478873239,0.45,0.453125,0.457627118644,0.563636363636,0.592592592593,0.490566037736,0.444444444444,0.560975609756,0.490566037736,0.59375,0.448275862069,0.477272727273,0.578947368421,0.452380952381,0.46511627907,0.56862745098,0.447368421053,0.52380952381,0.34375,0.511627906977,0.557692307692,0.560975609756,0.46,0.4375,0.589743589744,0.4375,0.466666666667,0.595238095238,0.608695652174,0.541666666667,0.471698113208,0.416666666667,0.609756097561,0.555555555556,0.589285714286,0.341463414634,0.525,0.537037037037,0.441860465116,0.642857142857,0.375,0.484848484848,0.464285714286,0.574468085106,0.450980392157,0.411764705882,0.5,0.452380952381,0.492063492063,0.594594594595,0.442307692308,0.644444444444,0.395348837209,0.5,0.466666666667,0.5,0.625,0.536585365854,0.483870967742,0.425,0.43137254902,0.530612244898,0.607843137255,0.511111111111,0.574468085106,0.576923076923,0.44262295082,0.471698113208,0.4375,0.5,0.489795918367,0.338461538462,0.487804878049,0.529411764706,0.536585365854,0.510638297872,0.58,0.52,0.434782608696,0.387755102041,0.528301886792,0.418604651163,0.563636363636,0.454545454545,0.583333333333,0.435897435897,0.512195121951,0.47619047619,0.4,0.628571428571,0.378378378378,0.526315789474,0.521739130435,0.525423728814,0.576923076923,0.482142857143,0.525423728814,1.0,0.485714285714,0.452830188679,0.547169811321,0.45652173913,0.59375,0.644444444444,0.492307692308,0.439024390244,0.528301886792,0.568181818182,0.531914893617,0.378378378378,0.53488372093,0.422222222222,0.56,0.489361702128,0.403846153846,0.510638297872,0.372549019608,0.485714285714,0.52380952381,0.466666666667,0.451612903226,0.555555555556,0.489361702128,0.461538461538,0.34375,0.4,0.470588235294,0.348837209302,0.423076923077,0.450980392157,0.404761904762,0.450980392157,0.63829787234,0.526315789474,0.428571428571,0.559322033898,0.428571428571,0.533333333333,0.473684210526,0.690909090909,0.524590163934,0.55,0.491228070175,0.528301886792,0.5,0.553191489362,0.490909090909,0.526315789474,0.555555555556,0.5,0.510204081633,0.5,0.5,0.4,0.432432432432,0.487804878049,0.578947368421,0.619047619048,0.520833333333,0.473684210526,0.452380952381,0.451612903226,0.4375,0.513513513514,0.436363636364,0.604651162791,0.55,0.433962264151,0.406779661017,0.604651162791,0.46875,0.533333333333,0.485714285714,0.484848484848,0.5,0.450980392157,0.571428571429,0.594594594595,0.659090909091,0.45,0.395348837209,0.5,0.520833333333,0.489795918367,0.545454545455,0.413043478261,0.462962962963,0.462962962963,0.519230769231,0.542857142857,0.439024390244,0.529411764706,0.396226415094,0.351351351351,0.481481481481,0.45,0.612903225806,0.423076923077,0.387755102041,0.339622641509,0.487179487179,0.5,0.571428571429,0.47619047619,0.484848484848,0.481481481481,0.5,0.478260869565,0.510638297872,0.651162790698,0.309090909091,0.549019607843,0.474576271186,0.375,0.574074074074,0.475,0.5,0.428571428571,0.333333333333,0.620689655172,0.433962264151,0.560975609756,0.452830188679,0.422222222222,0.607142857143,0.607142857143,0.434782608696,0.436363636364,0.352941176471,0.53125,0.542372881356,0.6,0.48,0.391304347826,0.530612244898,0.5,0.547169811321,0.529411764706,0.488888888889,0.488372093023,0.555555555556,0.458333333333,0.452054794521,0.581395348837,0.5,0.459459459459,0.446808510638,0.533333333333,0.571428571429,0.511111111111,0.533333333333,0.522727272727,0.358974358974,0.478260869565,0.490196078431,0.372093023256,0.470588235294,0.596153846154,0.536585365854,0.363636363636,0.636363636364,0.4,0.52380952381,0.469387755102,0.307692307692,0.375,0.555555555556,0.555555555556,0.631578947368,0.481481481481,0.565217391304,0.5,0.508771929825,0.5,0.531914893617,0.386363636364,0.4,0.510638297872,0.509803921569,0.416666666667,0.588235294118,0.536585365854,0.649122807018,0.432432432432,0.537037037037,0.545454545455,0.545454545455,0.477272727273,0.508771929825,0.510204081633,0.522727272727,0.540540540541,0.466666666667,0.391304347826,0.455882352941,0.5,0.459016393443,0.520833333333,0.483870967742,0.44262295082,0.541666666667,0.444444444444,0.509803921569,0.526315789474,0.416666666667,0.375,0.375,0.641025641026,0.631578947368,0.439024390244,0.581395348837,0.489361702128,0.510204081633,0.4,0.512195121951,0.530612244898,0.591836734694,0.490566037736,0.297872340426,0.5,0.489795918367,0.459016393443,0.48,0.510204081633,0.532258064516,0.462962962963,0.454545454545,0.418181818182,0.531914893617,0.596153846154,0.473684210526,0.541666666667,0.490909090909,0.413793103448,0.311475409836,0.428571428571,0.525,0.543859649123,0.5,0.577777777778,0.485714285714,0.469387755102,0.414634146341,0.454545454545,0.595744680851,0.381818181818,0.435897435897,0.472222222222,0.5,0.5,0.540540540541,0.452380952381,0.517857142857,0.461538461538,0.587301587302,0.434782608696,0.490196078431,0.458333333333,0.631578947368,0.553191489362,0.591836734694,0.45652173913,0.423076923077,0.470588235294,0.688888888889,0.583333333333,0.483333333333,0.411764705882,0.55,0.545454545455,0.522727272727,0.630434782609,0.5,0.576923076923,0.478260869565,0.509433962264,0.541666666667,0.590909090909,0.488372093023,0.46511627907,0.454545454545,0.470588235294,0.6,0.6,0.5625,0.488372093023,0.530612244898,0.480769230769,0.604166666667,0.519230769231,0.547619047619,0.55,0.341463414634,0.458333333333,0.470588235294,0.5,0.515151515152,0.357142857143,0.540540540541,0.651162790698,0.477272727273,0.5,0.542857142857,0.589743589744,0.608695652174,0.490566037736,0.561403508772,0.609756097561,0.555555555556,0.447368421053,0.46511627907,0.547619047619,0.514285714286,0.5,0.584905660377,0.537037037037,0.5,0.510204081633,0.511111111111,0.511111111111,0.408163265306,0.559322033898,0.510638297872,0.470588235294,0.513513513514,0.46,0.27027027027,0.491803278689,0.46875,0.52380952381,0.487179487179,0.558823529412,0.487179487179,0.526315789474,0.521739130435,0.525423728814,0.525423728814,0.58,0.435897435897,0.512195121951,0.40625,0.541666666667,0.428571428571,0.487179487179,0.512195121951,0.594594594595,0.424242424242,0.414634146341,0.555555555556,0.630434782609,0.450980392157,0.632653061224,0.574074074074,0.351351351351,0.634146341463,0.4,0.6,0.527777777778,0.609756097561,0.48,0.510638297872,0.46511627907,0.533333333333,0.641025641026,0.488372093023,0.441860465116,0.5,0.558139534884,0.470588235294,0.508474576271,0.473684210526,0.511627906977,0.588235294118,0.4,0.0689655172414,0.410256410256,0.363636363636,0.355555555556,0.324324324324,0.461538461538,0.377358490566,0.387755102041,0.595238095238,0.469387755102,0.5,0.543859649123,0.346153846154,0.395348837209,0.607843137255,0.407407407407,0.581395348837,0.536585365854,0.387755102041,0.421052631579,0.586956521739,0.508474576271,0.414634146341,0.5,0.527777777778,0.442307692308,0.42,0.474576271186,0.490566037736,0.395348837209,0.436363636364,0.425,0.479166666667,0.514705882353,0.435897435897,0.645161290323,0.489795918367,0.447368421053,0.485714285714,0.510204081633,0.52,0.4,0.5,0.475,0.482142857143,0.472222222222,0.472727272727,0.5,0.476923076923,0.534482758621,0.547619047619,0.42,0.457627118644,0.535714285714,0.46511627907,0.452380952381,0.568181818182,0.543859649123,0.565217391304,0.388888888889,0.5,0.655172413793,0.564102564103,0.509803921569,0.388059701493,0.545454545455,0.534482758621,0.387096774194,0.444444444444,0.535714285714,0.514285714286,0.560975609756,0.45652173913,0.457142857143,0.5625,0.52380952381,0.459459459459,0.54347826087,0.697674418605,0.394736842105,0.452830188679,0.576923076923,0.674418604651,0.520833333333,0.382978723404,0.521739130435,0.553846153846,0.527272727273,0.527777777778,0.519230769231,0.333333333333,0.565217391304,0.65306122449,0.440677966102,0.489361702128,0.566666666667,0.418604651163,0.507692307692,0.558139534884,0.631578947368,0.591836734694,0.516666666667,0.527777777778,0.650793650794,0.521739130435,0.642857142857,0.468085106383,0.5,0.530612244898,0.520833333333,0.512820512821,0.410714285714,0.5,0.52380952381,0.473684210526,0.47619047619,0.56862745098,0.517857142857,0.4,0.59649122807,0.571428571429,0.522727272727,0.565217391304,0.508474576271,0.560975609756,0.415094339623,0.42,0.45652173913,0.489361702128,0.491803278689,0.491228070175,0.395348837209,0.448979591837,0.5625,0.563636363636,0.596153846154,0.591836734694,0.510638297872,0.551724137931,0.489795918367,0.588235294118,0.583333333333,0.725,0.536585365854,0.571428571429,0.553191489362,0.5,0.5,0.560606060606,0.618181818182,0.520547945205,0.5,0.474576271186,0.522727272727,0.616666666667,0.526315789474,0.442307692308,0.483870967742,0.576923076923,0.450980392157,0.413043478261,0.521739130435,0.5,0.393939393939,0.428571428571,0.510638297872,0.468085106383,0.479166666667,0.410256410256,0.415094339623,0.368421052632,0.425,0.520833333333,0.6,0.627906976744,0.521739130435,0.448979591837,0.558139534884,0.491228070175,0.526315789474,0.52,0.531914893617,0.463414634146,0.470588235294,0.484848484848,0.477272727273,0.5,0.525423728814,0.604651162791,0.372549019608,0.466666666667,0.404761904762,0.513513513514,0.472222222222,0.473684210526,0.409090909091,0.571428571429,0.652173913043,0.5,0.509433962264,0.53125,0.520833333333,0.545454545455,0.553191489362,0.520833333333,0.488888888889,0.923076923077,0.369565217391,0.425531914894,0.585365853659,0.490566037736,0.450980392157,0.479166666667,0.560606060606,0.555555555556,0.547169811321,0.369565217391,0.673913043478,0.487179487179,0.468085106383,0.5,0.464285714286,0.47619047619,0.69387755102,0.634146341463,0.514285714286,0.612903225806,0.428571428571,0.447368421053,0.518518518519,0.42,0.574074074074,0.578947368421,0.458333333333,0.623188405797,0.641025641026,0.434782608696,0.565217391304,0.674418604651,0.542857142857,0.509433962264,0.410714285714,0.642857142857,0.53488372093,0.514285714286,0.46,0.44,0.395348837209,0.528301886792,0.490196078431,0.477272727273,0.608695652174,0.531914893617,0.45652173913,0.458333333333,0.407407407407,0.411764705882,0.434782608696,0.365853658537,0.558139534884,0.48,0.566037735849,0.525,0.545454545455,0.5,0.586956521739,0.525423728814,0.576271186441,0.551724137931,0.511627906977,0.520833333333,0.405405405405,0.5,0.5,0.484848484848,0.411764705882,0.565217391304,0.309090909091,0.536585365854,0.363636363636,0.5625,0.454545454545,0.452830188679,0.318181818182,0.642857142857,0.615384615385,0.454545454545,0.489795918367,0.375,0.606060606061,0.529411764706,0.409090909091,0.489795918367,0.619047619048,0.423076923077,0.511627906977,0.627906976744,0.509803921569,0.583333333333,0.564102564103,0.604166666667,0.617021276596,0.615384615385,0.467741935484,0.479166666667,0.558139534884,0.548387096774,0.605263157895,0.564102564103,0.4,0.452830188679,0.452380952381,0.530612244898,0.5625,0.490196078431,0.510204081633,0.52,0.530612244898,0.48,0.414634146341,0.461538461538,0.410714285714,0.75,0.65625,0.490909090909,0.48275862069,0.8,0.487804878049,0.521739130435,0.545454545455,0.647058823529,0.714285714286,0.821428571429,0.538461538462,0.627118644068,0.470588235294,0.652173913043,0.444444444444,0.555555555556,0.552631578947,0.522727272727,0.45652173913,0.413043478261,0.534482758621,0.489361702128,0.527777777778,0.436363636364,0.470588235294,0.510638297872,0.5,0.48,0.466666666667,0.5,0.428571428571,0.38,0.450980392157,0.434782608696,0.46875,0.673913043478,0.571428571429,0.521739130435,0.605263157895,0.54347826087,0.541666666667,0.733333333333,0.659090909091,0.594594594595,0.575,0.666666666667,0.633802816901,0.676056338028,0.6,0.6875,0.692307692308,0.472727272727,0.564102564103,0.475,0.583333333333,0.463414634146,0.533333333333,0.470588235294,0.575,0.5,0.5,0.5,0.549019607843,0.470588235294,0.485714285714,0.588235294118,0.568181818182,0.509803921569,0.526315789474,0.714285714286,0.512820512821,0.48275862069,0.433962264151,0.52380952381,0.459459459459,0.568181818182,0.647058823529,0.581818181818,0.444444444444,0.545454545455,0.471428571429,0.544117647059,0.627118644068,0.444444444444,0.5,0.488888888889,0.489361702128,0.564102564103,0.553191489362,0.555555555556,0.372881355932,0.56,0.5,0.367346938776,0.488372093023,0.509433962264,0.441860465116,0.586956521739,0.584905660377,0.490196078431,0.574074074074,0.55737704918,0.518518518519,0.546875,0.428571428571,0.546666666667,0.617647058824,0.529411764706,0.418604651163,0.436363636364,0.490196078431,0.584905660377,0.584615384615,0.54,0.431818181818,0.462962962963,0.553191489362,0.458333333333,0.54,0.407407407407,0.446808510638,0.613636363636,0.531914893617,0.473684210526,0.54,0.342857142857,0.416666666667,0.557692307692,0.509803921569,0.4,0.462962962963,0.533333333333,0.4,0.404761904762,0.434782608696,0.6,0.559322033898,0.636363636364,0.548387096774,0.5,0.484375,0.42,0.527777777778,0.609756097561,0.5,0.5,0.535714285714,0.46875,0.479166666667,0.513513513514,0.58,0.6,0.529411764706,0.375,0.5,0.4,0.37037037037,0.510638297872,0.673469387755,0.545454545455,0.533333333333,0.521739130435,0.675675675676,0.583333333333,0.525423728814,0.511111111111,0.366666666667,0.351851851852,0.547619047619,0.378378378378,0.569230769231,0.65,0.395348837209,0.421052631579,0.490196078431,0.48275862069,0.452830188679,0.424242424242,0.657894736842,0.409090909091,0.431818181818,0.54,0.432432432432,0.5,0.520833333333,0.479166666667,0.403846153846,0.45,0.595238095238,0.615384615385,0.56,0.484848484848,0.46,0.492063492063,0.58,0.510204081633,0.634146341463,0.489361702128,0.5,0.428571428571,0.422222222222,0.326923076923,0.528301886792,0.519230769231,0.477272727273,0.532258064516,0.5,0.412698412698,0.508771929825,0.538461538462,0.630434782609,0.458333333333,0.5,0.45652173913,0.444444444444,0.441860465116,0.375,0.509090909091,0.517857142857,0.416666666667,0.538461538462,0.52,0.478260869565,0.541666666667,0.467741935484,0.47619047619,0.377358490566,0.571428571429,0.522727272727,0.472222222222,0.595744680851,0.461538461538,0.44,0.5,0.513513513514,0.52380952381,0.5,0.549019607843,0.524590163934,0.4375,0.54347826087,0.530612244898,0.469387755102,0.574074074074,0.68085106383,0.510204081633,0.510204081633,0.452830188679,0.490909090909,0.490909090909,0.428571428571,0.512195121951,0.422222222222,0.384615384615,0.444444444444,0.46,0.450980392157,0.456140350877,0.425925925926,0.422222222222,0.761904761905,0.627118644068,0.553571428571,0.5,0.6,0.488372093023,0.641025641026,0.459016393443,0.511111111111,0.509803921569,0.471698113208,0.482142857143,0.446428571429,0.545454545455,0.490566037736,0.511111111111,0.441860465116,0.536585365854,0.5,0.604651162791,0.581395348837,0.536585365854,0.451612903226,0.472727272727,0.75,0.931034482759,0.5,0.560975609756,0.59375,0.5,0.520833333333,0.444444444444,0.423076923077,0.557692307692,0.459016393443,0.526315789474,0.592592592593,0.625,0.549019607843,0.520833333333,0.519230769231,0.604651162791,0.5,0.461538461538,0.486486486486,0.630136986301,0.551020408163,0.375,0.510638297872,0.475409836066,0.355555555556,0.4375,0.560975609756,0.444444444444,0.413793103448,0.46875,0.490196078431,0.545454545455,0.52,0.627906976744,0.566037735849,0.6,0.553571428571,0.5,0.608695652174,0.423076923077,0.491803278689,0.525,0.529411764706,0.441860465116,0.480769230769,0.357142857143,0.520833333333,0.473684210526,0.517857142857,0.454545454545,0.604651162791,0.489795918367,0.487804878049,0.538461538462,0.4375,0.58064516129,0.365384615385,0.6,0.463414634146,0.387755102041,0.25,0.541666666667,0.555555555556,0.45,0.415094339623,0.450980392157,0.381818181818,0.448275862069,0.384615384615,0.413793103448,0.391304347826,0.511111111111,0.511111111111,0.531914893617,0.416666666667,0.483870967742,0.561403508772,0.54,0.4,0.530612244898,0.515151515152,0.641025641026,0.481481481481,0.446153846154,0.428571428571,0.512820512821,0.568181818182,0.511627906977,0.525,0.569230769231,0.478260869565,0.555555555556,0.45,0.555555555556,0.441860465116,0.5,0.576923076923,0.604651162791,0.487804878049,0.685714285714,0.611111111111,0.5,0.541666666667,0.414634146341,0.592592592593,0.333333333333,0.594594594595,0.5,0.509090909091,0.534482758621,0.5,0.553191489362,0.510638297872,0.56862745098,0.442307692308,0.538461538462,0.509090909091,0.615384615385,0.6,0.593220338983,0.411764705882,0.511111111111,0.469696969697,0.596153846154,0.540540540541,0.5,0.509803921569,0.487804878049,0.5625,0.64406779661,0.477272727273,0.604166666667,0.461538461538,0.606060606061,0.522388059701,0.477272727273,0.561403508772,0.408163265306,0.37037037037,0.631578947368,0.511111111111,0.541666666667,0.530612244898,0.548387096774,0.452830188679,0.486486486486,0.5,0.605263157895,0.539682539683,0.509803921569,0.652173913043,0.55,0.403846153846,0.566037735849,0.9,0.478260869565,0.679245283019,0.5,0.434782608696,0.411764705882,0.448979591837,0.292682926829,0.510204081633,0.538461538462,0.547619047619,0.45,0.481481481481,0.591836734694,0.44,0.52380952381,0.490196078431,0.404761904762,0.431818181818,0.683333333333,0.465517241379,0.483870967742,0.596153846154,0.508771929825,0.471698113208,0.432432432432,0.547619047619,0.516129032258,0.555555555556,0.4375,0.357142857143,0.380952380952,0.478260869565,0.478260869565,0.41935483871,0.545454545455,0.605263157895,0.555555555556,0.450980392157,0.527777777778,0.592592592593,0.547619047619,0.592592592593,0.428571428571,0.508771929825,0.431034482759,0.45652173913,0.514285714286,0.621621621622,0.551020408163,0.472222222222,0.444444444444,0.463414634146,0.466666666667,0.392857142857,0.595744680851,0.46511627907,0.458333333333,0.551724137931,0.533333333333,0.440677966102,0.47619047619,0.659090909091,0.638888888889,0.491228070175,0.459459459459,0.612903225806,0.666666666667,0.538461538462,0.589285714286,0.53125,0.534482758621,0.52,0.575,0.622641509434,0.542857142857,0.47619047619,0.567567567568,0.714285714286,0.542857142857,0.536585365854,0.439024390244,0.595238095238,0.488888888889,0.487179487179,0.489361702128,0.489361702128,0.47619047619,0.555555555556,0.461538461538,0.471698113208,0.622222222222,0.466666666667,0.483333333333,0.483870967742,0.408163265306,0.459016393443,0.6,0.545454545455,0.627906976744,0.5,0.368421052632,0.621621621622,0.620689655172,0.558139534884,0.490196078431,0.393442622951,0.603773584906,0.509433962264,0.44262295082,0.6,0.510204081633,0.651162790698,0.5,0.448275862069,0.491803278689,0.397260273973,0.389830508475,0.461538461538,0.428571428571,0.702127659574,0.510204081633,0.647058823529,0.522727272727,0.518518518519,0.533333333333,0.578947368421,0.55,0.561403508772,0.522727272727,0.466666666667,0.622950819672,0.574074074074,0.596153846154,0.438596491228,0.617021276596,0.346153846154,0.457142857143,0.509803921569,0.428571428571,0.553191489362,0.541666666667,0.487804878049,0.446808510638,0.477272727273,0.454545454545,0.547169811321,0.578947368421,0.558139534884,0.6,0.568181818182,0.469387755102,0.578947368421,0.521739130435,0.594594594595,0.552631578947,0.428571428571,0.418181818182,0.44,0.571428571429,0.488888888889,0.42,0.541666666667,0.564102564103,0.55,0.436363636364,0.62962962963,0.481481481481,0.448275862069,0.558139534884,0.444444444444,0.568965517241,0.54,0.5,0.560975609756,0.487804878049,0.468085106383,0.416666666667,0.534482758621,0.458333333333,0.450980392157,0.375,0.485294117647,0.5,0.510204081633,0.435897435897,0.428571428571,0.583333333333,0.571428571429,0.438596491228,0.540540540541,0.529411764706,0.357142857143,0.377049180328,0.564102564103,0.510204081633,0.478260869565,0.482142857143,0.679245283019,0.558823529412,0.386363636364,0.604166666667,0.533333333333,0.471698113208,0.585365853659,0.372093023256,0.5,0.65306122449,0.5,0.514285714286,0.491803278689,0.485714285714,0.515151515152,0.462962962963,0.5,0.450980392157,0.571428571429,0.488372093023,0.541666666667,0.459459459459,0.58,0.46,0.614035087719,0.47619047619,0.577777777778,0.454545454545,0.46,0.375,0.607142857143,0.509803921569,0.542857142857,0.428571428571,0.527272727273,0.524590163934,0.383561643836,0.508474576271,0.588235294118,0.568181818182,0.511627906977,0.482142857143,0.46511627907,0.574468085106,0.440677966102,0.489795918367,0.37037037037,0.484848484848,0.54347826087,0.52380952381,0.594594594595,0.638888888889,0.442307692308,0.512195121951,0.325,0.452380952381,0.491228070175,0.482142857143,0.466666666667,0.487804878049,0.415094339623,0.524590163934,0.603174603175,0.614035087719,0.6,0.560975609756,0.574468085106,0.51724137931,0.541666666667,0.441860465116,0.545454545455,0.553191489362,0.512195121951,0.625,0.513513513514,0.392156862745,0.5,0.575,0.510638297872,0.642857142857,0.489361702128,0.479166666667,0.439024390244,0.552631578947,0.522727272727,0.5,0.476923076923,0.619047619048,0.540540540541,0.5,0.557692307692,0.487179487179,0.558139534884,0.547619047619,0.404255319149,0.395833333333,0.255813953488,0.571428571429,0.423076923077,0.533333333333,0.55,0.461538461538,0.5,0.368421052632,0.509803921569,0.5,0.531914893617,0.489795918367,0.458333333333,0.565217391304,0.593220338983,0.564102564103,0.428571428571,0.5,0.434782608696,0.526315789474,0.65,0.555555555556,0.346153846154,0.411764705882,0.51724137931,0.472222222222,0.543859649123,0.5,0.462962962963,0.512820512821,0.622641509434,0.435897435897,0.547619047619,0.396551724138,0.45652173913,0.4375,0.444444444444,0.511627906977,0.396226415094,0.458333333333,0.415094339623,0.382978723404,0.628571428571,0.540540540541,0.578947368421,0.466666666667,0.509090909091,0.418181818182,0.478260869565,0.471698113208,0.483870967742,0.567567567568,0.459459459459,0.45,0.423076923077,0.466666666667,0.481481481481,0.473684210526,0.448275862069,0.52380952381,0.566666666667,0.510204081633,0.622222222222,0.439393939394,0.488888888889,0.508196721311,0.5,0.415094339623,0.5,0.545454545455,0.619047619048,0.53488372093,0.594594594595,0.524590163934,0.408163265306,0.470588235294,0.552631578947,0.491525423729,0.509090909091,0.510204081633,0.56862745098,0.511111111111,0.666666666667,0.367346938776,0.644444444444,0.243902439024,0.512195121951,0.425925925926,0.205128205128,0.66,0.5,0.590163934426,0.516129032258,0.533333333333,0.553846153846,0.666666666667,0.561403508772,0.457142857143,0.521739130435,0.533333333333,0.577777777778,0.571428571429,0.5,0.488888888889,0.558139534884,0.457142857143,0.509433962264,0.490566037736,0.490566037736,0.428571428571,0.474576271186,0.517857142857,0.53125,0.526315789474,0.517857142857,0.574468085106,0.555555555556,0.476923076923,0.675675675676,0.590909090909,0.473684210526,0.446808510638,0.415094339623,0.43137254902,0.575,0.589285714286,0.657894736842,0.511627906977,0.463414634146,0.56,0.46,0.527777777778,0.633333333333,0.634146341463,0.489361702128,0.526315789474,0.489361702128,0.466666666667,0.571428571429,0.578947368421,0.590909090909,0.59375,0.58,0.576923076923,0.414634146341,0.38,0.44776119403,0.583333333333,0.36,0.416666666667,0.627906976744,0.42,0.520833333333,0.594594594595,0.421052631579,0.549019607843,0.369565217391,0.459016393443,0.468085106383,0.5,0.454545454545,0.446808510638,0.695652173913,0.529411764706,0.54,0.54,0.446153846154,0.462962962963,0.436363636364,0.58064516129,0.520833333333,0.51724137931,0.5,0.604651162791,0.423076923077,0.654545454545,0.5,0.333333333333,0.471698113208,0.528301886792,0.490909090909,0.478260869565,0.424242424242,0.478260869565,0.5,0.48,0.449275362319,0.54347826087,0.37037037037,0.452830188679,0.462962962963,0.408163265306,0.340425531915,0.369565217391,0.546875,0.404255319149,0.551020408163,0.588235294118,0.547169811321,0.5,0.414634146341,0.666666666667,0.547619047619,0.530612244898,0.472727272727,0.411764705882,0.454545454545,0.627906976744,0.422222222222,0.592592592593,0.475,0.488372093023,0.511111111111,0.552631578947,0.388888888889,0.325,0.64,0.520833333333,0.510638297872,0.512195121951,0.574074074074,0.456140350877,0.423076923077,0.470588235294,0.530612244898,0.395833333333,0.533333333333,0.541666666667,0.512195121951,0.4375,0.6,0.568181818182,0.527777777778,0.388888888889,0.405405405405,0.5,0.351351351351,0.285714285714,0.549019607843,0.612244897959,0.458333333333,0.527777777778,0.456140350877,0.533333333333,0.441176470588,0.454545454545,0.435897435897,0.428571428571,0.458333333333,0.45652173913,0.375,0.459459459459,0.446808510638,0.5,0.574074074074,0.540983606557,0.475,0.591836734694,0.523076923077,0.468085106383,0.564102564103,0.65306122449,0.462962962963,0.5,0.5,0.46,0.396825396825,0.642857142857,0.433962264151,0.517857142857,0.489795918367,0.516666666667,0.428571428571,0.581395348837,0.588235294118,0.5,0.490196078431,0.586206896552,0.423076923077,0.608695652174,0.36170212766,0.490196078431,0.452830188679,0.574468085106,0.489361702128,0.553191489362,0.568181818182,0.4,0.425925925926,0.45,0.508771929825,0.6,0.555555555556,0.578947368421,0.490566037736,0.44,0.487179487179,0.488372093023,0.478260869565,0.56,0.428571428571,0.5,0.491525423729,0.613636363636,0.490196078431,0.575757575758,0.458333333333,0.468085106383,0.522727272727,0.486486486486,0.45652173913,0.614035087719,0.404761904762,0.479166666667,0.547169811321,0.490196078431,0.553191489362,0.431818181818,0.380952380952,0.488888888889,0.461538461538,0.648148148148,0.442307692308,0.43137254902,0.54347826087,0.521739130435,0.529411764706,0.5,0.425925925926,0.52,0.461538461538,0.54347826087,0.612903225806,0.379310344828,0.350877192982,0.553191489362,0.404761904762,0.545454545455,0.436363636364,0.528301886792,0.519230769231,0.428571428571,0.512820512821,0.447368421053,0.53125,0.547619047619,0.428571428571,0.521739130435,0.489361702128,0.659090909091,0.487804878049,0.481481481481,0.526315789474,0.470588235294,0.551724137931,0.416666666667,0.58,0.456140350877,0.551020408163,0.549019607843,0.617021276596,0.58,0.5,0.660714285714,0.44,0.491525423729,0.519230769231,0.507936507937,0.491525423729,0.694444444444,0.448275862069,0.470588235294,0.413043478261,0.586956521739,0.548387096774,0.58,0.512195121951,0.414634146341,0.438596491228,0.5625,0.5,0.5,0.489361702128,0.432432432432,0.447368421053,0.481481481481,0.571428571429,0.411764705882,0.513513513514,0.571428571429,0.547169811321,0.390625,0.4,0.555555555556,0.462962962963,0.463414634146,0.461538461538,0.511111111111,0.458333333333,0.585365853659,0.577777777778,0.477272727273,0.333333333333,0.603773584906,0.403846153846,0.441176470588,0.511111111111,0.462962962963,0.450980392157,0.466666666667,0.254901960784,0.510204081633,0.4375,0.404761904762,0.533333333333,0.530612244898,0.389830508475,0.553191489362,0.4375,0.607843137255,0.551020408163,0.340909090909,0.413793103448,0.54347826087,0.352941176471,0.46511627907,0.468085106383,0.5625,0.324324324324,0.555555555556,0.484848484848,0.466666666667,0.540540540541,0.487179487179,0.5,0.564102564103,0.423076923077,0.38,0.461538461538,0.413043478261,0.65,0.510204081633,0.395348837209,0.565217391304,0.487179487179,0.5,0.489361702128,0.408163265306,0.490196078431,0.551724137931,0.563636363636,0.622222222222,1.0,0.510638297872,0.365384615385,0.357142857143,0.477272727273,0.528301886792,0.543859649123,0.465517241379,0.44,0.4,0.484848484848,0.46511627907,0.489795918367,0.5,0.484848484848,0.484848484848,0.488372093023,0.442307692308,0.491525423729,0.454545454545,0.433962264151,0.475,0.418181818182,0.425531914894,0.571428571429,0.5,0.520833333333,0.634146341463,0.46,0.347826086957,0.5,0.481481481481,0.357142857143,0.558823529412,0.5,0.423728813559,0.304347826087,0.479166666667,0.508474576271,0.568181818182,0.534482758621,0.454545454545,0.53488372093,0.510638297872,0.375,0.431818181818,0.45652173913,0.423076923077,0.394736842105,0.552631578947,0.448275862069,0.5,0.545454545455,0.461538461538,0.446808510638,0.425531914894,0.581395348837,0.52,0.585365853659,0.6,0.491228070175,0.52,0.426470588235,0.472727272727,0.517857142857,0.454545454545,0.6,0.595238095238,0.561403508772,0.482142857143,0.526315789474,0.446428571429,0.466666666667,0.531914893617,0.595238095238,0.549019607843,0.5,0.428571428571,0.452830188679,0.563636363636,0.555555555556,0.675,0.5,0.5,0.583333333333,0.342105263158,0.581081081081,0.472727272727,0.55,0.512820512821,0.563636363636,0.470588235294,0.425531914894,0.592592592593,0.476923076923,0.428571428571,0.551020408163,0.395348837209,0.431818181818,0.395833333333,0.5,0.558139534884,0.54,0.516129032258,0.58064516129,0.575,0.574074074074,0.434782608696,0.34,0.425925925926,0.377049180328,0.461538461538,0.551020408163,0.547619047619,0.548387096774,0.577777777778,0.478260869565,0.435897435897,0.409090909091,0.551724137931,0.571428571429,0.439024390244,0.509090909091,0.8,0.314285714286,0.537037037037,0.431818181818,0.4375,0.52,0.480769230769,0.46,0.489795918367,0.42,0.555555555556,0.474576271186,0.613636363636,0.564102564103,0.45652173913,0.423728813559,0.54,0.566037735849,0.591836734694,0.415094339623,0.333333333333,0.44,0.460317460317,0.654545454545,0.603448275862,0.43137254902,0.659090909091,0.4375,0.375,0.568965517241,0.552631578947,0.391304347826,0.56,0.378378378378,0.383333333333,0.440677966102,0.54,0.44262295082,0.5,0.553571428571,0.444444444444,0.631578947368,0.444444444444,0.324324324324,0.510204081633,0.54347826087,0.593220338983,0.58,0.466666666667,0.586956521739,0.471698113208,0.563636363636,0.550724637681,0.423076923077,0.4,0.510638297872,0.428571428571,0.447368421053,0.44,0.447368421053,0.55,0.342857142857,0.441176470588,0.466666666667,0.5,0.604166666667,0.673076923077,0.447368421053,0.547169811321,0.555555555556,0.52,0.46,0.422222222222,0.477272727273,0.444444444444,0.533333333333,0.421052631579,0.553571428571,0.487179487179,0.527272727273,0.533333333333,0.477272727273,0.488888888889,0.612244897959,0.577777777778,0.454545454545,0.547169811321,0.416666666667,0.450980392157,0.540983606557,0.566666666667,0.581395348837,0.384615384615,0.341463414634,0.480769230769,0.32,0.432432432432,0.519230769231,0.519230769231,0.483870967742,0.387096774194,0.581395348837,0.439024390244,0.388888888889,0.433333333333,0.684210526316,0.525,0.538461538462,0.489361702128,0.551724137931,0.428571428571,0.483870967742,0.631578947368,0.5,0.43137254902,0.509433962264,0.487179487179,0.512820512821,0.425,0.558139534884,0.529411764706,0.333333333333,0.493333333333,0.567567567568,0.472727272727,0.46511627907,0.5,0.511627906977,0.510638297872,0.421052631579,0.518518518519,0.547619047619,0.590909090909,0.468085106383,0.491525423729,0.464285714286,0.460317460317,0.394736842105,0.641509433962,0.405405405405,0.338983050847,0.435897435897,0.45,0.535714285714,0.425,0.6,0.527272727273,0.555555555556,0.530612244898,0.361111111111,0.567567567568,0.4375,0.45,0.510638297872,0.583333333333,0.452830188679,0.418181818182,0.470588235294,0.490196078431,0.533333333333,0.395348837209,0.54,0.466666666667,0.362068965517,0.390243902439,0.428571428571,0.472727272727,0.473684210526,0.52380952381,0.461538461538,0.560975609756,0.351851851852,0.529411764706,0.452830188679,0.47619047619,0.511627906977,0.537037037037,0.589743589744,0.526315789474,0.615384615385,0.474576271186,0.5,0.396226415094,0.549019607843,0.54,0.425,0.425925925926,0.585365853659,0.448979591837,0.59649122807,0.466666666667,0.48275862069,0.486486486486,0.345454545455,0.549019607843,0.559322033898,0.43137254902,0.464285714286,0.434782608696,0.54,0.595744680851,0.52380952381,0.4,0.481481481481,0.46,0.365384615385,0.344827586207,0.568181818182,0.521739130435,0.586206896552,0.633333333333,0.593220338983,0.426229508197,0.4,0.513513513514,0.5,0.43137254902,0.489361702128,0.439024390244,0.425,0.605263157895,0.531914893617,0.511111111111,0.56862745098,0.5,0.5,0.454545454545,0.404761904762,0.4375,0.545454545455,0.479166666667,0.484848484848,0.377358490566,0.589743589744,0.470588235294,0.479166666667,0.538461538462,0.622641509434,0.509433962264,0.52380952381,0.441860465116,0.425,0.509433962264,0.411764705882,0.458333333333,0.403846153846,0.45,0.695652173913,0.404761904762,0.577777777778,0.5,0.568181818182,0.563636363636,0.594594594595,0.490196078431,0.545454545455,0.568181818182,0.480769230769,0.577777777778,0.509090909091,0.481481481481,0.428571428571,0.583333333333,0.348837209302,0.5,0.525,0.428571428571,0.489795918367,0.56,0.422222222222,0.509803921569,0.477272727273,0.416666666667,0.444444444444,0.479166666667,0.446428571429,0.415384615385,0.525,0.489795918367,0.578947368421,0.585365853659,0.594594594595,0.590163934426,0.471698113208,0.517857142857,0.377777777778,0.472222222222,0.6,0.604166666667,0.487804878049,0.583333333333,0.566666666667,0.428571428571,0.314285714286,0.547169811321,0.531914893617,0.452380952381,0.434782608696,0.423076923077,0.5,0.4375,0.428571428571,0.390243902439,0.645833333333,0.388888888889,0.543859649123,0.347826086957,0.5,0.342857142857,0.411764705882,0.612903225806,0.560975609756,0.43137254902,0.531914893617,0.526315789474,0.627906976744,0.545454545455,0.34375,0.470588235294,0.5,0.483870967742,0.515151515152,0.512195121951,0.633333333333,0.774193548387,0.473684210526,0.542857142857,0.473684210526,0.472222222222,0.533333333333,0.547169811321,0.534482758621,0.382978723404,0.431818181818,0.547619047619,0.5,0.490196078431,0.433962264151,0.510204081633,0.48275862069,0.53125,0.52,0.488888888889,0.5,0.444444444444,0.469387755102,0.526315789474,0.547619047619,0.464285714286,0.487804878049,0.585365853659,0.372549019608,0.522727272727,0.413793103448,0.558139534884,0.440677966102,0.620689655172,0.558139534884,0.477272727273,0.5,0.6,0.52,0.5,0.589743589744,0.422222222222,0.612903225806,0.516129032258,0.469387755102,0.431818181818,0.5,0.627906976744,0.511627906977,0.615384615385,0.657894736842,0.636363636364,0.413043478261,0.577777777778,0.529411764706,0.395348837209,0.564102564103,0.409090909091,0.472222222222,0.484848484848,0.444444444444,0.551020408163,0.472727272727,0.408163265306,0.590909090909,0.566037735849,0.575,0.512195121951,0.613636363636,0.454545454545,0.62,0.534246575342,0.557142857143,0.557692307692,0.5,0.483333333333,0.448979591837,0.5,0.483870967742,0.463414634146,0.36170212766,0.679245283019,1.0,0.557692307692,0.529411764706,0.486486486486,0.654545454545,0.538461538462,0.452380952381,0.488372093023,0.490196078431,0.384615384615,0.518518518519,0.448979591837,0.566037735849,0.581395348837,0.483333333333,0.576271186441,0.487804878049,0.5,0.435897435897,0.425925925926,0.5,0.483333333333,0.520833333333,0.450980392157,0.383333333333,0.425531914894,0.326530612245,0.538461538462,0.531914893617,0.425,0.458333333333,0.444444444444,0.55,0.603773584906,0.510638297872,0.555555555556,0.613636363636,0.630434782609,0.641509433962,0.509803921569,0.488372093023,0.46,0.560975609756,0.459459459459,0.612244897959,0.516129032258,0.531914893617,0.448979591837,0.5,0.526315789474,0.568181818182,0.5,0.547619047619,0.514285714286,0.53125,0.561643835616,0.433333333333,0.522727272727,0.564102564103,0.571428571429,0.56,0.489795918367,0.560975609756,0.529411764706,0.590909090909,0.560975609756,0.545454545455,0.591836734694,0.563636363636,0.435897435897,0.717948717949,0.545454545455,0.444444444444,0.510638297872,0.471698113208,0.489361702128,0.490196078431,0.409090909091,0.44,0.508474576271,0.596153846154,0.552631578947,0.558139534884,0.52,0.444444444444,0.477272727273,0.470588235294,0.553846153846,0.520833333333,0.4375,0.46875,0.522727272727,0.529411764706,0.615384615385,0.4,0.555555555556,0.625,0.561403508772,0.490909090909,0.425,0.342105263158,0.516666666667,0.449275362319,0.6,0.333333333333,0.481481481481,0.5,0.454545454545,0.452380952381,0.583333333333,0.454545454545,0.558139534884,0.612244897959,0.35,0.422222222222,0.53488372093,0.462962962963,0.545454545455,0.636363636364,0.54347826087,0.452380952381,0.489795918367,0.527272727273,0.462962962963,0.509433962264,0.607142857143,0.5,0.471698113208,0.487179487179,0.613636363636,0.574468085106,0.366666666667,0.421052631579,0.392156862745,0.411764705882,0.612244897959,0.568181818182,0.489795918367,0.442307692308,0.403225806452,0.683333333333,0.478260869565,0.574074074074,0.583333333333,0.571428571429,0.537037037037,0.404761904762,0.45652173913,0.446428571429,0.568965517241,0.486486486486,0.525,0.510204081633,0.513513513514,0.442307692308,0.430769230769,0.533333333333,0.510204081633,0.617021276596,0.492063492063,0.481481481481,0.695652173913,0.510638297872,0.530612244898,0.470588235294,0.490196078431,0.571428571429,0.571428571429,0.538461538462,0.438596491228,0.48275862069,0.478260869565,0.48,0.625,0.571428571429,0.489361702128,0.45652173913,0.54,0.479166666667,0.557692307692,0.555555555556,0.521739130435,0.529411764706,0.421052631579,0.475,0.515151515152,0.528301886792,0.35,0.525423728814,0.5,0.511111111111,0.405405405405,0.512195121951,0.613636363636,0.5625,0.428571428571,0.472222222222,0.457142857143,0.533333333333,0.538461538462,0.62,0.594594594595,0.454545454545,0.551724137931,0.595744680851,0.555555555556,0.5,0.365853658537,0.46875,0.648648648649,0.62962962963,0.707317073171,0.516666666667,0.518518518519,0.545454545455,0.5,0.511627906977,0.447368421053,0.615384615385,0.418604651163,0.408163265306,0.41935483871,0.464285714286,0.53125,0.660714285714,0.689655172414,0.464285714286,0.666666666667,0.452380952381,0.56862745098,0.584905660377,0.519230769231,0.52380952381,0.47619047619,0.581818181818,0.512820512821,0.458333333333,0.458333333333,0.574074074074,0.425,0.490196078431,0.541666666667,0.4375,0.459459459459,0.458333333333,0.518518518519,0.555555555556,0.491525423729,0.488372093023,0.588235294118,0.428571428571,0.564516129032,0.452830188679,0.46,0.478260869565,0.45652173913,0.511627906977,0.596153846154,0.512195121951,0.377777777778,0.490196078431,0.509090909091,0.473684210526,0.489795918367,0.530612244898,0.464285714286,0.568181818182,0.408163265306,0.545454545455,0.490196078431,0.537037037037,0.451612903226,0.451612903226,0.452380952381,0.444444444444,0.463414634146,0.440677966102,0.452380952381,0.58,0.485714285714,0.769230769231,0.54,0.490566037736,0.428571428571,0.450980392157,0.368421052632,0.457142857143,0.415094339623,0.533333333333,0.432432432432,0.553191489362,0.448979591837,0.55737704918,0.351851851852,0.5,0.55,0.439024390244,0.477272727273,0.392857142857,0.547619047619,0.488888888889,0.490566037736,0.58,0.44,0.446808510638,0.307692307692,0.457627118644,0.477272727273,0.627906976744,0.518518518519,0.487179487179,0.464285714286,0.58,0.537313432836,0.482142857143,0.486111111111,0.627450980392,0.473684210526,0.378378378378,0.46511627907,0.54347826087,0.552631578947,0.459459459459,0.450980392157,0.450980392157,0.489795918367,0.5,0.4,0.379310344828,0.47619047619,0.448979591837,0.5,0.431818181818,0.489361702128,0.477272727273,0.416666666667,0.607142857143,0.480769230769,0.459459459459,0.65306122449,0.463414634146,0.542857142857,0.584905660377,0.666666666667,0.555555555556,0.666666666667,0.568965517241,0.5,0.509090909091,0.575,0.456140350877,0.48275862069,0.477272727273,0.425925925926,0.396551724138,0.470588235294,0.538461538462,0.545454545455,0.547619047619,0.48,0.478260869565,0.521739130435,0.297872340426,0.5,0.433962264151,0.6,0.541666666667,0.472222222222,0.347826086957,0.5,0.6,0.428571428571,0.617647058824,0.51724137931,0.387096774194,0.674418604651,0.536585365854,0.530612244898,0.466666666667,0.452380952381,0.6,0.428571428571,0.466666666667,0.490909090909,0.527777777778,0.388888888889,0.568181818182,0.720930232558,0.340425531915,0.5,0.328125,0.479166666667,0.511627906977,0.642857142857,0.37037037037,0.433333333333,0.418604651163,0.5,0.537037037037,0.473684210526,0.454545454545,0.5,0.522727272727,0.485714285714,0.617647058824,0.516129032258,0.603773584906,0.481481481481,0.452380952381,0.431818181818,0.5,0.538461538462,0.581395348837,0.425,0.5,0.45652173913,0.526315789474,0.530612244898,0.666666666667,0.514285714286,0.551020408163,0.43137254902,0.653846153846,0.508771929825,0.573333333333,0.440677966102,0.466666666667,0.734693877551,0.733333333333,0.8,0.761904761905,0.701492537313,0.84,0.622222222222,0.666666666667,0.5,0.551020408163,0.544117647059,0.733333333333,0.516129032258,0.74,0.641509433962,0.674418604651,0.75,0.69696969697,1.0,0.452380952381,0.5625,0.482352941176,0.547619047619,0.617021276596,0.581395348837,0.459459459459,0.648648648649,0.608695652174,0.625,0.571428571429,0.543859649123,0.522727272727,0.423076923077,0.448979591837,0.461538461538,0.47619047619,0.55,0.413043478261,0.46511627907,0.46511627907,0.489795918367,0.520833333333,0.414634146341,0.533333333333,0.456140350877,0.472222222222,0.529411764706,0.339622641509,0.541666666667,0.539682539683,0.474576271186,0.555555555556,0.46875,0.386363636364,0.536585365854,0.6,0.590909090909,0.513513513514,0.545454545455,0.58,0.404761904762,0.555555555556,0.434782608696,0.38,0.5,0.317073170732,0.431818181818,0.471698113208,0.555555555556,0.568181818182,0.536585365854,0.362068965517,0.560975609756,0.675,0.365079365079,0.528301886792,0.584905660377,0.422222222222,0.581395348837,0.442307692308,0.607142857143,0.535714285714,0.425531914894,0.470588235294,0.475409836066,0.52,0.621621621622,0.441860465116,0.46,0.548387096774,0.416666666667,0.568181818182,0.526315789474,0.468085106383,0.428571428571,0.487804878049,0.5,0.529411764706,0.555555555556,0.442307692308,0.471698113208,0.547169811321,0.524590163934,0.538461538462,0.553191489362,0.363636363636,0.377777777778,0.622222222222,0.382978723404,0.472222222222,0.516666666667,0.549019607843,0.524590163934,0.469387755102,0.552631578947,0.559322033898,0.510204081633,0.511111111111,0.521739130435,0.583333333333,0.511111111111,0.508771929825,0.707317073171,0.6875,0.68085106383,0.521739130435,0.827586206897,0.583333333333,0.468085106383,0.560975609756,0.648648648649,0.488372093023,0.422222222222,0.63829787234,0.473684210526,0.461538461538,0.425531914894,0.365853658537,0.422222222222,0.435483870968,0.547619047619,0.578947368421,0.408163265306,0.459459459459,0.612244897959,0.404761904762,0.387755102041,0.485714285714,0.612903225806,0.672131147541,0.5,0.533333333333,0.52380952381,0.530303030303,0.372881355932,0.365853658537,0.526315789474,0.509803921569,0.511627906977,0.4,0.564516129032,0.5,0.481481481481,0.45652173913,0.607843137255,0.553191489362,0.529411764706,0.512820512821,0.817034700315,0.409090909091,0.454545454545,0.512195121951,0.581395348837,0.442307692308,0.410256410256,0.452380952381,0.651162790698,0.545454545455,0.391304347826,0.466666666667,0.525,0.466666666667,0.612244897959,0.454545454545,0.487179487179,0.594594594595,0.645161290323,0.508771929825,0.530612244898,0.434782608696,0.5,0.521739130435,0.462962962963,0.625,0.404761904762,0.404761904762,0.589285714286,0.527272727273,0.527272727273,0.571428571429,0.392156862745,0.469387755102,0.396226415094,0.555555555556,0.407407407407,0.5,0.415094339623,0.574468085106,0.518518518519,0.584905660377,0.6,0.827586206897,0.605263157895,0.563636363636,0.474576271186,0.448979591837,0.416666666667,0.411764705882,0.615384615385,0.526315789474,0.509803921569,0.526315789474,0.583333333333,0.659574468085,0.581395348837,0.488888888889,0.625,0.435483870968,0.444444444444,0.5,0.658536585366,0.488372093023,0.428571428571,0.354166666667,0.674418604651,0.5,0.354166666667,0.346153846154,0.326923076923,0.412698412698,0.549019607843,0.348837209302,0.391304347826,0.423728813559,0.607142857143,0.591836734694,0.54347826087,0.409090909091,0.535211267606,0.508474576271,0.421052631579,0.605263157895,0.322580645161,0.484848484848,0.531914893617,0.447368421053,0.508474576271,0.52,0.439024390244,0.355555555556,0.533333333333,0.519230769231,0.533333333333,0.425531914894,0.469387755102,0.464285714286,0.517857142857,0.574468085106,0.526315789474,0.465517241379,0.577777777778,0.392857142857,0.375,0.4,0.368421052632,0.414634146341,0.444444444444,0.531914893617,0.564102564103,0.574468085106,0.491228070175,0.520833333333,0.508771929825,0.474576271186,0.571428571429,0.456140350877,0.533333333333,0.619047619048,0.615384615385,0.557692307692,0.543859649123,0.666666666667,0.46,0.42,0.452380952381,0.675675675676,0.581395348837,0.571428571429,0.40350877193,0.357142857143,0.470588235294,0.411764705882,0.5,0.478260869565,0.581818181818,0.430769230769,0.487804878049,0.52380952381,0.53488372093,0.558139534884,0.5,0.46511627907,0.470588235294,0.586956521739,0.491803278689,0.34693877551,0.561403508772,0.5,0.565217391304,0.447368421053,0.526315789474,0.651162790698,0.5,0.283018867925,0.464285714286,0.421052631579,0.558139534884,0.407407407407,0.525,0.553191489362,0.490196078431,0.487179487179,0.441860465116,0.431818181818,0.488372093023,0.619047619048,0.558823529412,0.410256410256,0.492063492063,0.55,0.558139534884,0.451612903226,0.355555555556,0.533333333333,0.489361702128,0.5625,0.452380952381,0.521739130435,0.477272727273,0.575757575758,0.5,0.4,0.509090909091,0.395348837209,0.547619047619,0.514285714286,0.53488372093,0.446153846154,0.515151515152,0.441860465116,0.475,0.405405405405,0.58,0.642857142857,0.424242424242,0.478260869565,0.675,0.530612244898,0.425925925926,0.488372093023,0.446428571429,0.4,0.537037037037,0.479166666667,0.52380952381,0.586956521739,0.433962264151,0.59375,0.595238095238,0.34,0.490909090909,0.452380952381,0.541666666667,0.433962264151,0.473684210526,0.42,0.421052631579,0.56862745098,0.47619047619,0.435483870968,0.404761904762,0.448979591837,0.358974358974,0.522727272727,0.52380952381,0.536585365854,0.558139534884,0.565217391304,0.333333333333,0.363636363636,0.292682926829,0.416666666667,0.433962264151,0.509433962264,0.431818181818,0.5,0.466666666667,0.549019607843,0.546875,0.586956521739,0.46511627907,0.466666666667,0.433333333333,0.590909090909,0.525,0.53488372093,0.555555555556,0.704545454545,0.5,0.53488372093,0.5,0.5,0.54,0.555555555556,0.545454545455,0.454545454545,0.475409836066,0.363636363636,0.529411764706,0.446808510638,0.56,0.452380952381,0.604166666667,0.460317460317,0.462962962963,0.5,0.518518518519,0.490196078431,0.462962962963,0.422222222222,0.5,0.413043478261,0.528301886792,0.533333333333,0.388888888889,0.368421052632,0.488372093023,0.54347826087,0.346153846154,0.480769230769,0.477272727273,0.488372093023,0.448979591837,0.56,0.466666666667,0.558139534884,0.538461538462,0.510638297872,0.571428571429,0.428571428571,0.542857142857,0.393939393939,0.666666666667,0.478260869565,0.431034482759,0.568181818182,0.5,0.339622641509,0.403846153846,0.469387755102,0.54,0.592592592593,0.435897435897,0.525,0.521739130435,0.590909090909,0.460317460317,0.571428571429,0.541666666667,0.522727272727,0.485714285714,0.542857142857,0.530612244898,0.421052631579,0.555555555556,0.447368421053,0.474576271186,0.611111111111,0.396551724138,0.469387755102,0.333333333333,0.35,0.555555555556,0.53488372093,0.586956521739,0.628571428571,0.634146341463,0.547169811321,0.555555555556,0.52,0.590163934426,0.5,0.627450980392,0.365853658537,0.464285714286,0.439024390244,0.260869565217,0.468085106383,0.452830188679,0.5,0.518518518519,0.564516129032,0.526315789474,0.487179487179,0.461538461538,0.432432432432,0.76,0.404761904762,0.521739130435,0.547619047619,0.6,0.510204081633,0.511627906977,0.386363636364,0.368421052632,0.440677966102,0.404255319149,0.454545454545,0.480769230769,0.52380952381,0.510638297872,0.525,0.575757575758,0.46,0.552631578947,0.5,0.459016393443,0.488372093023,0.421052631579,0.382978723404,0.574468085106,0.491803278689,0.515625,0.536231884058,0.55,0.632653061224,0.571428571429,0.525,0.54347826087,0.408163265306,0.458333333333,0.612244897959,0.518518518519,0.551020408163,0.5,0.536585365854,0.439393939394,0.338461538462,0.461538461538,0.47619047619,0.521739130435,0.52380952381,0.5,0.47619047619,0.525,0.522727272727,0.452380952381,0.431818181818,0.54347826087,0.692307692308,0.375,0.55,0.46511627907,0.487804878049,0.452380952381,0.606060606061,0.536585365854,0.439024390244,0.365853658537,0.468085106383,0.5625,0.448979591837,0.578947368421,0.405405405405,0.611111111111,0.62962962963,0.633333333333,0.518518518519,0.595238095238,0.459459459459,0.617647058824,0.6,0.515151515152,0.428571428571,0.46511627907,0.25641025641,0.477272727273,0.446808510638,0.446808510638,0.692307692308,0.416666666667,0.52380952381,0.428571428571,0.478260869565,0.509803921569,0.409090909091,0.403846153846,0.576923076923,0.590909090909,0.433333333333,0.545454545455,0.520833333333,0.519230769231,0.42,0.641025641026,0.342105263158,0.527777777778,0.539682539683,0.545454545455,0.45,0.627118644068,0.657894736842,0.487179487179,0.509433962264,0.478260869565,0.478873239437,0.621212121212,0.609375,0.458333333333,0.5,0.6,0.6,0.576923076923,0.56,0.431818181818,0.469387755102,0.5,0.483870967742,0.354838709677,0.45652173913,0.54347826087,0.477272727273,0.513513513514,0.45,0.407407407407,0.451612903226,0.571428571429,0.530612244898,0.4375,0.48,0.46511627907,0.478260869565,0.392156862745,0.478260869565,0.542857142857,0.536585365854,0.595744680851,0.342857142857,0.533333333333,0.5,0.431034482759,0.551724137931,0.577777777778,0.543859649123,0.526315789474,0.423076923077,0.446808510638,0.605263157895,0.5,0.488372093023,0.531914893617,0.5625,0.416666666667,0.555555555556,0.439024390244,0.604651162791,0.54347826087,0.446808510638,0.66,0.527272727273,0.557692307692,0.490196078431,0.441860465116,0.586956521739,0.596153846154,0.604651162791,0.490909090909,0.461538461538,0.5,0.578947368421,0.614035087719,0.457142857143,0.535714285714,0.418604651163,0.487179487179,0.540540540541,0.375,0.432432432432,0.421052631579,0.478260869565,0.435897435897,0.36,0.529411764706,0.462962962963,0.4375,0.536231884058,0.489361702128,0.547169811321,0.442307692308,0.514285714286,0.372549019608,0.533333333333,0.618181818182,0.509433962264,0.641509433962,0.571428571429,0.608695652174,0.475409836066,0.519230769231,0.552631578947,0.603773584906,0.453125,0.431818181818,0.472727272727,0.592592592593,0.553191489362,0.526315789474,0.510638297872,0.552631578947,0.529411764706,0.72,0.4375,0.5,0.56862745098,0.545454545455,0.548387096774,0.390243902439,0.59649122807,0.591836734694,0.463414634146,0.526315789474,0.433962264151,0.40350877193,0.59375,0.5,0.5,0.617647058824,0.630434782609,0.407407407407,0.545454545455,0.6,0.315789473684,0.607843137255,0.382978723404,0.414634146341,0.513513513514,0.487179487179,0.45,0.519230769231,0.439024390244,0.4,0.586956521739,0.688888888889,0.444444444444,0.545454545455,0.431818181818,0.384615384615,0.369565217391,0.318181818182,0.351351351351,0.352941176471,0.413043478261,0.55,0.484848484848,0.489795918367,0.577777777778,0.621621621622,0.594594594595,0.457142857143,0.5,0.48275862069,0.54347826087,0.380952380952,0.439024390244,0.382978723404,0.351351351351,0.547619047619,0.512195121951,0.55,0.53125,0.542857142857,0.472222222222,0.333333333333,0.424242424242,0.553191489362,0.645161290323,0.6,0.513513513514,0.516129032258,0.62,0.484848484848,0.591836734694,0.611111111111,0.455882352941,0.511111111111,0.5,0.581395348837,0.560975609756,0.354166666667,0.541666666667,0.529411764706,0.5,0.53125,0.529411764706,0.537313432836,0.477272727273,0.425,0.7,0.58,0.571428571429,0.55,0.465517241379,0.490566037736,0.390243902439,0.46511627907,0.491228070175,0.522727272727,0.488888888889,0.466666666667,0.574468085106,0.538461538462,0.519230769231,0.56862745098,0.387755102041,0.372093023256,0.541666666667,0.585365853659,0.468085106383,0.431818181818,0.58064516129,0.612244897959,0.452380952381,0.674418604651,0.536585365854,0.45,0.421052631579,0.452380952381,0.342105263158,0.444444444444,0.525,0.363636363636,0.434782608696,0.387755102041,0.272727272727,0.648648648649,0.558139534884,0.681818181818,0.469387755102,0.35,0.446808510638,0.452830188679,0.590909090909,0.478260869565,0.412698412698,0.409836065574,0.444444444444,0.641025641026,0.459016393443,0.578947368421,0.625,0.472222222222,0.452830188679,0.475,0.457142857143,0.571428571429,0.607843137255,0.595744680851,0.518518518519,0.578947368421,0.44,0.511627906977,0.516666666667,0.511627906977,0.568181818182,0.469387755102,0.533333333333,0.441176470588,0.5,0.456140350877,0.428571428571,0.491228070175,0.581395348837,0.490566037736,0.547169811321,0.388888888889,0.441860465116,0.51724137931,0.440677966102,0.581818181818,0.372549019608,0.47619047619,0.511111111111,0.414634146341,0.575757575758,0.90625,0.870967741935,0.441176470588,0.487804878049,0.4,0.425,0.6,0.594594594595,0.426229508197,0.466666666667,0.522727272727,0.4,0.444444444444,0.585365853659,0.479166666667,0.48,0.394736842105,0.512820512821,0.487804878049,0.454545454545,0.479166666667,0.473684210526,0.474576271186,0.466666666667,0.533333333333,0.589743589744,0.352941176471,0.565217391304,0.48,0.5,0.375,0.46,0.470588235294,0.604651162791,0.622222222222,0.483870967742,0.5,0.641025641026,0.470588235294,0.511627906977,0.54347826087,0.526315789474,0.558139534884,0.558139534884,0.481481481481,0.557692307692,0.56862745098,0.571428571429,0.434782608696,0.489361702128,0.58064516129,0.371428571429,0.823529411765,0.823529411765,0.391304347826,0.388888888889,0.513513513514,0.530612244898,0.465517241379,0.618181818182,0.534482758621,0.383333333333,0.452380952381,0.526315789474,0.511111111111,0.530612244898,0.475,0.567567567568,0.450980392157,0.566037735849,0.514285714286,0.53125,0.384615384615,0.396226415094,0.471698113208,0.489361702128,0.428571428571,0.5,0.55,0.408163265306,0.380952380952,0.528301886792,0.425,0.511627906977,0.459459459459,0.480769230769,0.52380952381,0.519230769231,0.5,0.461538461538,0.47619047619,0.666666666667,0.413793103448,0.421052631579,0.395833333333,0.657894736842,0.40625,0.432432432432,0.577777777778,0.371428571429,0.553191489362,0.4,0.538461538462,0.490196078431,0.477272727273,0.617647058824,0.528301886792,0.552631578947,0.5,0.5,0.358974358974,0.511627906977,0.575,0.641025641026,0.575757575758,0.44,0.566666666667,0.5,0.51724137931,0.444444444444,0.564102564103,0.512195121951,0.447368421053,0.54347826087,0.368421052632,0.52380952381,0.4375,0.45652173913,0.68085106383,0.473684210526,0.452380952381,0.592592592593,0.571428571429,0.632653061224,0.578125,0.425925925926,0.509433962264,0.448979591837,0.547619047619,0.485714285714,0.452380952381,0.535714285714,0.519230769231,0.553571428571,0.469387755102,0.45,0.473684210526,0.459459459459,0.454545454545,0.589285714286,0.529411764706,0.542372881356,0.523076923077,0.56862745098,0.510638297872,0.362068965517,0.678571428571,0.418181818182,0.666666666667,0.52,0.478260869565,0.444444444444,0.407407407407,0.538461538462,0.404761904762,0.428571428571,0.644444444444,0.369565217391,0.5,0.46511627907,0.525,0.433962264151,0.407407407407,0.590909090909,0.46875,0.533333333333,0.530612244898,0.540540540541,0.5,0.487804878049,0.519230769231,0.714285714286,0.513513513514,0.365853658537,0.447368421053,0.333333333333,0.536585365854,0.558139534884,0.634146341463,0.5,0.55,0.422222222222,0.634615384615,0.574074074074,0.55,0.34693877551,0.416666666667,0.4,0.64,0.576923076923,0.307692307692,0.4,0.42,0.380952380952,0.409090909091,0.533333333333,0.560975609756,0.611111111111,0.611111111111,0.492063492063,0.538461538462,0.488372093023,0.347826086957,0.4,0.403846153846,0.614035087719,0.545454545455,0.396226415094,0.549019607843,0.55,0.56,0.408163265306,0.36,0.526315789474,0.48,0.428571428571,0.46,0.533333333333,0.434782608696,0.349206349206,0.530612244898,0.418604651163,0.488888888889,0.413043478261,0.606557377049,0.519230769231,0.509433962264,0.551020408163,0.481481481481,0.413043478261,0.625,0.533333333333,0.44,0.468085106383,0.43137254902,0.433333333333,0.577777777778,0.413043478261,0.685714285714,0.558823529412,0.386363636364,0.418604651163,0.576271186441,0.516666666667,0.617021276596,0.63829787234,0.632653061224,0.441860465116,0.577777777778,0.527272727273,0.416666666667,0.347826086957,0.509433962264,0.46,0.538461538462,0.490909090909,0.56,0.632653061224,0.538461538462,0.5,0.581818181818,0.482142857143,0.464285714286,0.480769230769,0.586956521739,0.574468085106,0.62962962963,0.673076923077,0.604166666667,0.666666666667,0.620689655172,0.434782608696,0.488372093023,0.519230769231,0.529411764706,0.488888888889,0.451612903226,0.466666666667,0.458333333333,0.381818181818,0.534482758621,0.516129032258,0.428571428571,0.486486486486,0.444444444444,0.481481481481,0.719298245614,0.584905660377,0.555555555556,0.461538461538,0.348837209302,0.31914893617,0.51724137931,0.484375,0.533333333333,0.470588235294,0.442307692308,0.568181818182,0.551724137931,0.357142857143,0.446808510638,0.46511627907,0.586956521739,0.533333333333,0.526315789474,0.469387755102,0.488888888889,0.558139534884,0.450980392157,0.403846153846,0.518518518519,0.54,0.510638297872,0.428571428571,0.461538461538,0.466666666667,0.616666666667,0.410714285714,0.51724137931,0.69387755102,0.508474576271,0.415094339623,0.372093023256,0.589285714286,0.396825396825,0.611940298507,0.5,0.369565217391,0.460317460317,0.533333333333,0.472222222222,0.536585365854,0.651162790698,0.490196078431,0.53488372093,0.479166666667,0.382978723404,0.395833333333,0.355555555556,0.638888888889,0.466666666667,0.609756097561,0.630434782609,0.571428571429,0.415094339623,0.553191489362,0.46,0.452830188679,0.52380952381,0.514285714286,0.461538461538,0.465517241379,0.522727272727,0.529411764706,0.568181818182,0.588235294118,0.576923076923,0.488372093023,0.512195121951,0.511627906977,0.571428571429,0.435897435897,0.45652173913,0.431034482759,0.473684210526,0.428571428571,0.5,0.607142857143,0.583333333333,0.46511627907,0.52380952381,0.547169811321,0.387096774194,0.475,0.6,0.607142857143,0.641025641026,0.477272727273,0.564102564103,0.54347826087,0.433962264151,0.510638297872,0.619047619048,0.583333333333,0.519230769231,0.519230769231,0.48,0.522727272727,0.666666666667,0.490566037736,0.488372093023,0.627906976744,0.454545454545,0.516666666667,0.64406779661,0.642857142857,0.447368421053,0.538461538462,0.560975609756,0.454545454545,0.511111111111,0.42,0.42,0.45,0.471698113208,0.630434782609,0.547169811321,0.358490566038,0.425531914894,0.6,0.666666666667,0.537037037037,0.584905660377,0.340909090909,0.560975609756,0.472727272727,0.428571428571,0.705882352941,0.577777777778,0.666666666667,0.551020408163,0.520833333333,0.470588235294,0.558823529412,0.327272727273,0.527272727273,0.571428571429,0.564102564103,0.44,0.46,0.5,0.567567567568,0.468085106383,0.58064516129,0.521739130435,0.54,0.581395348837,0.454545454545,0.53488372093,0.553191489362,0.605263157895,0.54,0.410714285714,0.5625,0.4375,0.627450980392,0.342105263158,0.462962962963,0.614035087719,0.509803921569,0.574074074074,0.538461538462,0.538461538462,0.410714285714,0.488372093023,0.571428571429,0.555555555556,0.432432432432,0.43137254902,0.474576271186,0.466666666667,0.42,0.36,0.5,0.569444444444,0.671875,0.58064516129,0.487804878049,0.575,0.567567567568,0.421052631579,0.435897435897,0.396825396825,0.560606060606,0.477272727273,0.568965517241,0.619047619048,0.553571428571,0.525,0.585714285714,0.450980392157,0.518518518519,0.418181818182,0.55,0.490566037736,0.481481481481,0.488888888889,0.533333333333,0.482142857143,0.533333333333,0.521739130435,0.54,0.609375,0.555555555556,0.566037735849,0.375,0.525423728814,0.574468085106,0.484375,0.512195121951,0.5,0.488372093023,0.583333333333,0.606060606061,0.531914893617,0.477272727273,0.478260869565,0.545454545455,0.549019607843,0.636363636364,0.5,0.519230769231,0.473684210526,0.5,0.525423728814,0.479166666667,0.471698113208,0.441176470588,0.440677966102,0.547368421053,0.481481481481,0.593220338983,0.517857142857,0.612244897959,0.449275362319,0.509433962264,0.555555555556,0.557692307692,0.54347826087,0.527777777778,0.479166666667,0.345454545455,0.355555555556,0.464285714286,0.471698113208,0.409090909091,0.5,0.434782608696,0.511111111111,0.483333333333,0.386363636364,0.525,0.554054054054,0.633333333333,0.527777777778,0.458333333333,0.545454545455,0.584615384615,0.532258064516,0.55,0.4375,0.482142857143,0.5,0.4,0.5,0.5,0.510204081633,0.58,0.528301886792,0.59649122807,0.553191489362,0.592592592593,0.4375,0.5,0.484848484848,0.461538461538,0.456140350877,0.5,0.608695652174,0.386363636364,0.622641509434,0.5,0.375,0.5,0.473684210526,0.473684210526,0.555555555556,0.466666666667,0.5625,0.346153846154,0.532258064516,0.542372881356,0.315789473684,0.37037037037,0.523076923077,0.44,0.442307692308,0.479166666667,0.45652173913,0.404255319149,0.488888888889,0.545454545455,0.547169811321,0.509803921569,0.394736842105,0.413043478261,0.511111111111,0.5,0.571428571429,0.5,0.622641509434,0.466666666667,0.462962962963,0.405063291139,0.425531914894,0.526315789474,0.434782608696,0.384615384615,0.382352941176,0.470588235294,0.5,0.5,0.346153846154,0.418604651163,0.470588235294,0.549019607843,0.5,0.477611940299,0.558823529412,0.490196078431,0.465517241379,0.473684210526,0.418604651163,0.428571428571,0.4375,0.666666666667,0.491803278689,0.58,0.571428571429,0.551020408163,0.522727272727,0.571428571429,0.451612903226,0.509803921569,0.595238095238,0.472222222222,0.545454545455,0.518518518519,0.5,0.512820512821,0.473684210526,0.571428571429,0.512820512821,0.413793103448,0.564102564103,0.55,0.5,0.509803921569,0.515151515152,0.488888888889,0.403846153846,0.466666666667,0.511111111111,0.568181818182,0.408163265306,0.5,0.510204081633,0.581395348837,0.409090909091,0.541666666667,0.530612244898,0.538461538462,0.448275862069,0.5,0.415384615385,0.448979591837,0.45,0.611111111111,0.563636363636,0.426229508197,0.5,0.525423728814,0.485714285714,0.553571428571,0.444444444444,0.438596491228,0.571428571429,0.383333333333,0.568965517241,0.603773584906,0.52380952381,0.428571428571,0.622222222222,0.6,0.5,0.44,0.448275862069,0.444444444444,0.552631578947,0.509803921569,0.584905660377,0.459459459459,0.512820512821,0.512820512821,0.557692307692,0.466666666667,0.487804878049,0.513513513514,0.533333333333,0.509090909091,0.446428571429,0.511627906977,0.47619047619,0.446808510638,0.55,0.525,0.529411764706,0.609756097561,0.452380952381,0.5,0.522727272727,0.404761904762,0.659090909091,0.633333333333,0.5,0.567567567568,0.578947368421,0.432432432432,0.56862745098,0.475,0.454545454545,0.425531914894,0.418604651163,0.52,0.4375,0.472727272727,0.518518518519,0.729166666667,0.5,0.5,0.488372093023,0.6,0.4375,0.478260869565,0.537037037037,0.441176470588,0.615384615385,0.541666666667,0.564102564103,0.511627906977,0.596153846154,0.586206896552,0.464285714286,0.471698113208,0.491525423729,0.549019607843,0.423076923077,0.548387096774,0.54347826087,0.491803278689,0.509433962264,0.428571428571,0.475,0.394736842105,0.394736842105,0.4,0.469387755102,1.0,0.538461538462,0.451612903226,0.514285714286,0.513513513514,0.489795918367,0.524590163934,0.511111111111,0.52380952381,0.472727272727,0.548387096774,0.5,0.538461538462,0.36170212766,0.407407407407,0.564102564103,0.433962264151,0.342857142857,0.315789473684,0.363636363636,0.666666666667,0.484848484848,0.4375,0.490196078431,0.576923076923,0.478260869565,0.416666666667,0.590909090909,0.5,0.472222222222,0.432432432432,0.627118644068,0.564102564103,0.607843137255,0.384615384615,0.475,0.461538461538,0.454545454545,0.589743589744,0.325581395349,0.388888888889,0.457142857143,0.470588235294,0.410256410256,0.5,0.519230769231,0.447368421053,0.647058823529,0.46875,0.477611940299,0.525,0.48275862069,0.617021276596,0.604166666667,0.484848484848,0.442307692308,0.478260869565,0.478260869565,0.40625,0.576923076923,0.461538461538,0.552631578947,0.35,0.5,0.586206896552,0.511111111111,0.644444444444,0.525,0.657142857143,0.6,0.6,0.641509433962,0.510638297872,0.47619047619,0.45652173913,0.522727272727,0.581395348837,0.5,0.585365853659,0.567567567568,0.405405405405,0.322580645161,0.459459459459,0.483333333333,0.5,0.557692307692,0.536585365854,0.395833333333,0.549019607843,0.615384615385,0.525,0.536585365854,0.531914893617,0.540540540541,0.555555555556,0.414634146341,0.428571428571,0.676470588235,0.509433962264,0.46,0.526315789474,0.458333333333,0.592592592593,0.492537313433,0.5,0.553191489362,0.55,0.511111111111,0.5,0.588235294118,0.472222222222,0.480769230769,0.604651162791,0.509803921569,0.326530612245,0.555555555556,0.549019607843,0.68085106383,0.416666666667,0.574074074074,0.382978723404,0.581818181818,0.478260869565,0.441860465116,0.605263157895,0.586956521739,0.538461538462,0.44,0.514285714286,0.555555555556,0.490196078431,0.530612244898,0.553191489362,0.655172413793,0.480769230769,0.53125,0.446808510638,0.472222222222,0.456140350877,0.53488372093,0.614035087719,0.51724137931,0.5,0.510638297872,0.526315789474,0.631578947368,0.462962962963,0.459459459459,0.55223880597,0.738095238095,0.447368421053,0.640625,0.428571428571,0.393939393939,0.595238095238,0.440677966102,0.622641509434,0.465753424658,0.6,0.551020408163,0.28813559322,0.62962962963,0.45652173913,0.666666666667,0.604166666667,0.509090909091,0.589285714286,0.566666666667,0.532258064516,0.53125,0.529411764706,0.694444444444,0.674418604651,0.444444444444,0.547619047619,0.552631578947,0.55,0.512195121951,0.525,0.56862745098,0.52380952381,0.55,0.527272727273,0.567164179104,0.595744680851,0.55,0.519230769231,0.520833333333,0.551020408163,0.648148148148,0.6,0.6,0.5,0.588235294118,0.568181818182,0.565217391304,0.473684210526,0.510638297872,0.754716981132,0.804347826087,0.5,0.521739130435,0.509803921569,0.645833333333,0.622950819672,0.571428571429,0.489795918367,0.594594594595,0.733333333333,1.0,0.676470588235,0.714285714286,0.828571428571,0.682926829268,0.608695652174,0.58064516129,0.533333333333,0.553571428571,0.444444444444,0.630136986301,0.431818181818,0.520833333333,0.509090909091,0.633333333333,0.758064516129,0.514285714286,0.406779661017,0.5,0.5,0.487179487179,0.463414634146,0.41935483871,0.541666666667,0.448979591837,0.5,0.404255319149,0.459459459459,0.441860465116,0.367346938776,0.604651162791,0.477272727273,0.589743589744,0.435897435897,0.475,0.5,0.342105263158,0.472222222222,0.491228070175,0.510638297872,0.413043478261,0.479166666667,0.517857142857,0.660377358491,0.457627118644,0.553571428571,0.545454545455,0.533333333333,0.413793103448,0.52,0.62,0.473684210526,0.283018867925,0.6,0.386363636364,0.605263157895,0.382352941176,0.428571428571,0.428571428571,0.466666666667,0.48275862069,0.518518518519,0.489361702128,0.512195121951,0.451612903226,0.407407407407,0.528301886792,0.5625,0.486486486486,0.627450980392,0.416666666667,0.486486486486,0.541666666667,0.555555555556,0.479166666667,0.48,0.480769230769,0.479166666667,0.458333333333,0.457627118644,0.472727272727,0.38,0.48,0.431818181818,0.5,0.53125,0.555555555556,0.462962962963,0.508771929825,0.538461538462,0.452830188679,0.471698113208,0.404255319149,0.446808510638,0.55,0.512820512821,0.4375,0.511111111111,0.585365853659,0.651162790698,0.4375,0.46511627907,0.596153846154,0.603773584906,0.689655172414,0.595744680851,0.426229508197,0.636363636364,0.553191489362,0.461538461538,0.473684210526,0.346153846154,0.648648648649,0.342857142857,0.463414634146,0.5,0.510638297872,0.487804878049,0.474576271186,0.5,0.612903225806,0.441176470588,0.576923076923,0.489795918367,0.489361702128,0.560975609756,0.527272727273,0.531914893617,0.452830188679,0.56862745098,0.555555555556,0.382352941176,0.611111111111,0.631578947368,0.363636363636,0.674418604651,0.275862068966,0.685714285714,0.615384615385,0.564102564103,0.536585365854,0.457142857143,0.558139534884,0.484848484848,0.468085106383,0.652173913043,0.608695652174,0.56,0.47619047619,0.5,0.509803921569,0.47619047619,0.538461538462,0.56,0.576923076923,0.472222222222,0.560975609756,0.472727272727,0.5,0.487179487179,0.609756097561,0.416666666667,0.478260869565,0.489361702128,0.425,0.581395348837,0.488372093023,0.512820512821,0.510204081633,0.416666666667,0.45652173913,0.482142857143,0.571428571429,0.552631578947,0.52,0.452380952381,0.54347826087,0.547619047619,0.65306122449,0.441860465116,0.490196078431,0.509803921569,0.341463414634,0.612244897959,0.531914893617,0.555555555556,0.518518518519,0.438596491228,0.488888888889,0.369565217391,0.666666666667,0.522727272727,0.53488372093,0.454545454545,0.461538461538,0.463414634146,0.468085106383,0.5,0.576923076923,0.603174603175,0.692307692308,0.6,0.540540540541,0.454545454545,0.468085106383,0.428571428571,0.442307692308,0.549019607843,0.512820512821,0.558823529412,0.433333333333,0.413793103448,0.586206896552,0.607142857143,0.75,0.711111111111,0.589743589744,0.574074074074,0.413793103448,0.542857142857,0.490196078431,0.473684210526,0.5,0.45,0.5,0.473684210526,0.513513513514,0.564102564103,0.395833333333,0.395833333333,0.487804878049,0.432432432432,0.514285714286,0.614035087719,0.542372881356,0.432432432432,0.5,0.375,0.3,0.470588235294,0.507462686567,0.446808510638,0.5,0.418181818182,0.608695652174,0.589743589744,0.433333333333,0.482142857143,0.444444444444,0.519230769231,0.942857142857,0.463414634146,0.444444444444,0.521739130435,0.534482758621,0.454545454545,0.487804878049,0.521739130435,0.529411764706,0.452380952381,0.48,0.557692307692,0.435483870968,0.6,0.609756097561,0.5625,0.568965517241,0.488372093023,0.4,0.5,0.434782608696,0.588235294118,0.478260869565,0.551020408163,0.56862745098,0.442307692308,0.444444444444,0.6,0.607142857143,0.55,0.571428571429,0.409090909091,0.413043478261,0.452380952381,0.518518518519,0.512820512821,0.47619047619,0.58,0.478260869565,0.490566037736,0.461538461538,0.290909090909,0.46511627907,0.551724137931,0.725,0.565217391304,0.510204081633,0.645161290323,0.6,0.450980392157,0.456140350877,0.42,0.45652173913,0.418604651163,0.431818181818,0.590909090909,0.59375,0.55,0.586206896552,0.522727272727,0.578947368421,0.525,0.542372881356,0.576923076923,0.551724137931,0.485714285714,0.514285714286,0.547619047619,0.481481481481,0.393939393939,0.604166666667,0.549019607843,0.585365853659,0.469387755102,0.588235294118,0.634615384615,0.5,0.444444444444,0.545454545455,0.722222222222,0.511111111111,0.42,0.390243902439,0.468085106383,0.531914893617,0.468085106383,0.5,0.466666666667,0.45,0.568181818182,0.5,0.55,0.46875,0.425531914894,0.551020408163,0.5625,0.466666666667,0.483870967742,0.54,0.44,0.531914893617,0.5,0.608695652174,0.422222222222,0.538461538462,0.386363636364,0.608695652174,0.606557377049,0.487179487179,0.466666666667,0.547619047619,0.531914893617,0.454545454545,0.396226415094,0.4,0.471698113208,0.470588235294,0.396226415094,0.4,0.608695652174,0.612244897959,0.769230769231,0.615384615385,0.518518518519,0.519230769231,0.46511627907,0.456140350877,0.477272727273,0.444444444444,0.418604651163,0.536231884058,0.470588235294,0.425531914894,0.490909090909,0.622222222222,0.557692307692,0.56862745098,0.577777777778,0.529411764706,0.56,0.592592592593,0.561403508772,0.555555555556,0.454545454545,0.44,0.44,0.423076923077,0.470588235294,0.521739130435,0.549019607843,0.510638297872,0.590163934426,0.511627906977,0.520833333333,0.519230769231,0.540983606557,0.470588235294,0.396226415094,0.553571428571,0.3,0.452830188679,0.43137254902,0.470588235294,0.341463414634,0.53125,0.673913043478,0.612244897959,0.537037037037,0.4375,0.469696969697,0.545454545455,0.47619047619,0.448979591837,0.439024390244,0.333333333333,0.414634146341,0.490566037736,0.578947368421,0.463414634146,0.521739130435,0.538461538462,0.483870967742,0.478260869565,0.551020408163,0.444444444444,0.32,0.490566037736,0.355555555556,0.666666666667,0.630434782609,0.468085106383,0.426229508197,0.509090909091,0.485294117647,0.461538461538,0.541666666667,0.52,0.666666666667,0.54347826087,0.418181818182,0.68085106383,0.585365853659,0.5,0.52380952381,0.454545454545,0.470588235294,0.676923076923,0.5,0.566037735849,0.565217391304,0.518518518519,0.563636363636,0.454545454545,0.724137931034,0.468085106383,0.529411764706,0.425925925926,0.574074074074,0.574468085106,0.488372093023,0.51724137931,0.395833333333,0.6,0.514285714286,0.5,0.583333333333,0.452830188679,0.394736842105,0.410256410256,0.535714285714,0.6,0.595238095238,0.415094339623,0.415384615385,0.46875,0.509433962264,0.490196078431,0.492063492063,0.561403508772,0.587301587302,0.555555555556,0.54347826087,0.5,0.586206896552,0.619047619048,0.454545454545,0.56,0.454545454545,0.442307692308,0.44,0.4,0.588235294118,0.682926829268,0.5,0.473684210526,0.459459459459,0.432432432432,0.431818181818,0.511111111111,0.461538461538,0.537037037037,0.4375,0.5,0.518518518519,0.5,0.488888888889,0.533333333333,0.589285714286,0.45652173913,0.527777777778,0.695652173913,0.533333333333,0.510638297872,0.5,0.571428571429,0.42,0.474576271186,0.6875,0.519230769231,0.516666666667,0.428571428571,0.704545454545,0.488372093023,0.472727272727,0.480769230769,0.521739130435,0.47619047619,0.396551724138,0.423728813559,0.52380952381,0.446428571429,0.492063492063,0.636363636364,0.5,0.5,0.377777777778,0.538461538462,0.622222222222,0.363636363636,0.522727272727,0.480769230769,0.43137254902,0.5,0.567567567568,0.56,0.462962962963,0.55,0.525423728814,0.446808510638,0.404255319149,0.513513513514,0.557692307692,0.47619047619,0.535714285714,0.565217391304,0.428571428571,0.5,0.428571428571,0.435483870968,0.375,0.555555555556,0.475,0.56862745098,0.5,0.509803921569,0.411764705882,0.391304347826,0.5,0.537313432836,0.621621621622,0.612903225806,0.558139534884,0.444444444444,0.441860465116,0.5,0.510204081633,0.617647058824,0.404255319149,0.446808510638,0.5,0.434782608696,0.452380952381,0.5,0.525,0.583333333333,0.533333333333,0.486486486486,0.487179487179,0.448979591837,0.591836734694,0.52380952381,0.378378378378,0.45,0.463414634146,0.489361702128,0.462962962963,0.583333333333,0.489795918367,0.43137254902,0.489795918367,0.428571428571,0.593220338983,0.5,0.529411764706,0.525,0.478260869565,0.4,0.616666666667,0.516129032258,0.326923076923,0.5,0.538461538462,0.488372093023,0.52380952381,0.553191489362,0.545454545455,0.371428571429,0.363636363636,0.645833333333,0.5,0.552631578947,0.5,0.538461538462,0.52,0.553191489362,0.659090909091,0.595744680851,0.565217391304,0.5,0.510204081633,0.517857142857,0.571428571429,0.538461538462,0.384615384615,0.405405405405,0.526315789474,0.422222222222,0.473684210526,0.622222222222,0.642857142857,0.490909090909,0.453125,0.551020408163,0.46,0.45,0.386363636364,0.604651162791,0.52380952381,0.386363636364,0.55737704918,0.56,0.561403508772,0.622222222222,0.576923076923,0.607843137255,0.348837209302,0.566666666667,0.414634146341,0.46511627907,0.454545454545,0.309523809524,0.333333333333,0.5,0.553191489362,0.578947368421,0.583333333333,0.555555555556,0.510204081633,0.553571428571,0.456140350877,0.46,0.462962962963,0.410714285714,0.574468085106,0.677419354839,0.384615384615,0.533333333333,0.433962264151,0.450980392157,0.48275862069,0.395833333333,0.411764705882,0.478260869565,0.513513513514,0.475,0.475,0.461538461538,0.5,0.674418604651,0.512820512821,0.4375,0.458333333333,0.424242424242,0.567567567568,0.441860465116,0.5,0.586206896552,0.658536585366,0.442307692308,0.613636363636,0.46511627907,0.439024390244,0.444444444444,0.515151515152,0.47619047619,0.529411764706,0.581395348837,0.45652173913,0.613636363636,0.581395348837,0.292682926829,0.446153846154,0.560975609756,0.469387755102,0.555555555556,0.354838709677,0.5,0.510204081633,0.489361702128,0.514285714286,0.488888888889,0.48,0.510638297872,0.48275862069,0.5,0.411764705882,0.46511627907,0.5,0.576271186441,0.471698113208,0.48275862069,0.509090909091,0.581818181818,0.428571428571,0.689655172414,0.618181818182,0.508771929825,0.466666666667,0.487179487179,0.45652173913,0.477272727273,0.428571428571,0.438596491228,0.636363636364,0.468085106383,0.530612244898,0.6,0.608695652174,0.659574468085,0.615384615385,0.563636363636,0.389830508475,0.545454545455,0.438596491228,0.710526315789,0.447368421053,0.541666666667,0.6,0.615384615385,0.488888888889,0.526315789474,0.358974358974,0.436363636364,0.5,0.314285714286,0.675,0.55,0.557692307692,0.5,0.369565217391,0.652173913043,0.433962264151,0.545454545455,0.594594594595,0.565217391304,0.436363636364,0.444444444444,0.453125,0.452380952381,0.45,0.56862745098,0.472727272727,0.5,0.607843137255,0.441860465116,0.471698113208,0.424242424242,0.488888888889,0.454545454545,0.518518518519,0.490196078431,0.53125,0.509090909091,0.37037037037,0.604651162791,0.614035087719,0.595238095238,0.576923076923,0.551724137931,0.508771929825,0.513513513514,0.394736842105,0.459459459459,0.4375,0.6,0.527272727273,0.487804878049,0.475,0.588235294118,0.519230769231,0.52,0.551020408163,0.478260869565,0.65,0.431818181818,0.461538461538,0.657142857143,0.527272727273,0.510204081633,0.584905660377,0.56,0.5,0.457627118644,0.5,0.441860465116,0.63829787234,0.469387755102,0.413043478261,0.586206896552,0.490196078431,0.595238095238,0.527272727273,0.607843137255,0.472727272727,0.413793103448,0.6,0.468085106383,0.405405405405,0.366666666667,0.551020408163,0.541666666667,0.389830508475,0.450980392157,0.604651162791,0.488888888889,0.521739130435,0.541666666667,0.677966101695,0.520833333333,0.377777777778,0.439024390244,0.444444444444,0.475,0.722222222222,0.5,0.586956521739,0.538461538462,0.642857142857,0.4,0.571428571429,0.658536585366,0.325,0.375,0.5,0.488372093023,0.513513513514,0.615384615385,0.566037735849,0.454545454545,0.612903225806,0.45,0.425531914894,0.452380952381,0.641025641026,0.522727272727,0.611111111111,0.413043478261,0.480769230769,0.46,0.56862745098,0.431034482759,0.516666666667,0.5,0.488888888889,0.571428571429,0.588235294118,0.586956521739,0.428571428571,0.488372093023,0.432432432432,0.528301886792,0.558139534884,0.471698113208,0.532258064516,0.489795918367,0.510204081633,0.536585365854,0.5,0.43137254902,0.547169811321,0.529411764706,0.594594594595,0.45652173913,0.448979591837,0.477272727273,0.454545454545,0.516666666667,0.571428571429,0.446808510638,0.632653061224,0.43137254902,0.644444444444,0.684210526316,0.526315789474,0.378378378378,0.425,0.378378378378,0.628571428571,0.340425531915,0.392857142857,0.492063492063,0.430769230769,0.396226415094,0.551020408163,0.490196078431,0.5,0.555555555556,0.346153846154,0.489361702128,0.422222222222,0.547619047619,0.487179487179,0.541666666667,0.450980392157,0.62962962963,0.5,0.409090909091,0.508474576271,0.510638297872,0.433962264151,0.513513513514,0.458333333333,0.56,0.66,0.5,0.38,0.549019607843,0.469387755102,0.491228070175,0.533333333333,0.54347826087,0.403846153846,0.52,0.64,0.422222222222,0.541666666667,0.489795918367,0.489795918367,0.585365853659,0.583333333333,0.407407407407,0.358490566038,0.549019607843,0.395348837209,0.472222222222,0.428571428571,0.526315789474,0.509803921569,0.471698113208,0.425,0.549019607843,0.528301886792,0.53125,0.549019607843,0.508474576271,0.480769230769,0.46511627907,0.575,0.585365853659,0.604651162791,0.411764705882,0.407407407407,0.4,0.591836734694,0.619047619048,0.5,0.74358974359,0.651162790698,0.571428571429,0.36,0.414634146341,0.434782608696,0.372881355932,0.653846153846,0.55,0.534482758621,0.425531914894,0.478260869565,0.386363636364,0.46,0.666666666667,0.651162790698,0.473684210526,0.444444444444,0.571428571429,0.5,0.555555555556,0.526315789474,0.509803921569,0.543859649123,0.163636363636,0.472727272727,0.571428571429,0.513513513514,0.462962962963,0.350877192982,0.560975609756,0.530612244898,0.448979591837,0.5,0.5625,0.5,0.365079365079,0.428571428571,0.4,0.471698113208,0.490196078431,0.530612244898,0.561403508772,0.695652173913,0.545454545455,0.4375,0.442307692308,0.377777777778,0.574468085106,0.576923076923,0.472727272727,0.578947368421,0.442307692308,0.421052631579,0.525,0.571428571429,0.471698113208,0.515625,0.392156862745,0.418181818182,0.64,0.586956521739,0.545454545455,0.5,0.512195121951,0.571428571429,0.613636363636,0.431818181818,0.65,0.484375,0.522727272727,0.608695652174,0.42,0.444444444444,0.466666666667,0.654545454545,0.511111111111,0.461538461538,0.390625,0.513513513514,0.475409836066,0.43137254902,0.630434782609,0.348837209302,0.5,0.458333333333,0.462962962963,0.451612903226,0.451612903226,0.470588235294,0.560975609756,0.413793103448,0.547619047619,0.549295774648,0.488372093023,0.558139534884,0.538461538462,0.571428571429,0.555555555556,0.589743589744,0.5,0.512820512821,0.574468085106,0.418604651163,0.530612244898,0.566037735849,0.611111111111,0.591836734694,0.42,0.6,0.46,0.520833333333,0.534482758621,0.555555555556,0.431034482759,0.551724137931,0.604651162791,0.558139534884,0.595744680851,0.511111111111,0.450980392157,0.558139534884,0.512820512821,0.470588235294,0.255319148936,0.5,0.483870967742,0.483333333333,0.415094339623,0.423076923077,0.279069767442,0.475,0.446808510638,0.619047619048,0.622222222222,0.5,0.5,0.489795918367,0.365853658537,0.488888888889,0.423728813559,0.45652173913,0.4,0.454545454545,0.555555555556,0.468085106383,0.55,0.468085106383,0.487179487179,0.619047619048,0.5,0.469387755102,0.575,0.487804878049,0.421052631579,0.533333333333,0.5,0.571428571429,0.448979591837,0.482142857143,0.439024390244,0.441860465116,0.411764705882,0.591836734694,0.58064516129,0.5,0.565217391304,0.452830188679,0.538461538462,0.5,0.564102564103,0.486486486486,0.578947368421,0.7,0.466666666667,0.54347826087,0.62,0.522727272727,0.558139534884,0.555555555556,0.491525423729,0.58064516129,0.553191489362,0.4,0.444444444444,0.442307692308,0.425531914894,0.382978723404,0.485714285714,0.59375,0.538461538462,0.488372093023,0.736842105263,0.615384615385,0.565217391304,0.509433962264,0.36,0.472222222222,0.425925925926,0.44,0.538461538462,0.268292682927,0.451612903226,0.5,0.51724137931,0.51724137931,0.372549019608,0.488888888889,0.58064516129,0.472222222222,0.577777777778,0.490566037736,0.489795918367,0.545454545455,0.459459459459,0.487804878049,0.487179487179,0.428571428571,0.612244897959,0.575757575758,0.450980392157,0.566037735849,0.566666666667,0.620689655172,0.340425531915,0.5,0.52,0.410256410256,0.605263157895,0.560975609756,0.52380952381,0.574468085106,0.413793103448,0.625,0.444444444444,0.441860465116,0.517857142857,0.589285714286,0.526315789474,0.62,0.574468085106,0.512195121951,0.560975609756,0.314814814815,0.424242424242,0.357142857143,0.434782608696,0.466666666667,0.477272727273,0.461538461538,0.446428571429,0.425925925926,0.555555555556,0.5,0.583333333333,0.537037037037,0.466666666667,0.58,0.52380952381,0.522727272727,0.488888888889,0.421052631579,0.507936507937,0.547619047619,0.425925925926,0.46,0.484375,0.530612244898,0.563636363636,0.551020408163,0.461538461538,0.392156862745,0.568181818182,0.541666666667,0.489361702128,0.5,0.682926829268,0.38,0.448979591837,0.409090909091,0.418604651163,0.409836065574,0.365384615385,0.532258064516,0.485714285714,0.509090909091,0.52380952381,0.333333333333,0.44,0.566037735849,0.56862745098,0.586956521739,0.522388059701,0.55,0.52380952381,0.46,0.452830188679,0.615384615385,0.566037735849,0.452830188679,0.468085106383,0.526315789474,0.47619047619,0.436363636364,0.416666666667,0.5625,0.609756097561,0.588235294118,0.617021276596,0.609756097561,0.481481481481,0.428571428571,0.473684210526,0.52380952381,0.433962264151,0.431818181818,0.466666666667,0.441860465116,0.472222222222,0.462962962963,0.5,0.575,0.442307692308,0.58064516129,0.489361702128,0.435897435897,0.486486486486,0.446428571429,0.428571428571,0.555555555556,0.509803921569,0.68085106383,0.454545454545,0.490196078431,0.5,0.511627906977,0.509433962264,0.48,0.515151515152,0.574468085106,0.583333333333,0.592592592593,0.52380952381,0.5,0.454545454545,0.528301886792,0.315789473684,0.518518518519,0.5,0.538461538462,0.357142857143,0.47619047619,0.540540540541,0.446428571429,0.64,0.4375,0.65306122449,0.468085106383,0.53488372093,0.362068965517,0.436363636364,0.385964912281,0.52380952381,0.5,0.489361702128,0.409090909091,0.522727272727,0.480769230769,0.432432432432,0.543859649123,0.528301886792,0.475,0.472222222222,0.591836734694,0.461538461538,0.463414634146,0.4375,0.459459459459,0.388888888889,0.625,0.393939393939,0.394736842105,0.462962962963,0.459016393443,0.520833333333,0.611111111111,0.448979591837,0.58,0.489795918367,0.425,0.490196078431,0.607843137255,0.489795918367,0.545454545455,0.538461538462,0.542857142857,0.558823529412,0.612244897959,0.604166666667,0.357142857143,0.393442622951,0.538461538462,0.551724137931,0.551020408163,0.391304347826,0.6,0.473684210526,0.555555555556,0.5,0.490566037736,0.583333333333,0.390243902439,0.473684210526,0.566666666667,0.525,0.428571428571,0.588235294118,0.62,0.528301886792,0.512195121951,0.425925925926,0.553571428571,0.591836734694,0.421052631579,0.583333333333,0.578947368421,0.444444444444,0.454545454545,0.551724137931,0.458333333333,0.418604651163,0.533333333333,0.642857142857,0.658536585366,0.410714285714,0.477272727273,0.520833333333,0.511627906977,0.450704225352,0.52380952381,0.490196078431,0.488372093023,0.5,0.5625,0.566037735849,0.547169811321,0.545454545455,0.5,0.531914893617,0.448275862069,0.405405405405,0.348837209302,0.525,0.46,0.491803278689,0.55,0.425531914894,0.428571428571,0.428571428571,0.647058823529,0.404255319149,0.6,0.490196078431,0.5,0.591836734694,0.574074074074,0.444444444444,0.5,0.559322033898,0.54,0.5,0.48,0.478260869565,0.488888888889,0.527777777778,0.547619047619,0.5,0.472727272727,0.5625,0.561403508772,0.529411764706,0.5,0.416666666667,0.472972972973,0.54347826087,0.5,0.5,0.510204081633,0.553571428571,0.561403508772,0.517857142857,0.625,0.52,0.583333333333,0.536585365854,0.444444444444,0.460317460317,0.591836734694,0.549019607843,0.413043478261,0.454545454545,0.361111111111,0.666666666667,0.456140350877,0.454545454545,0.511627906977,0.540540540541,0.515151515152,0.461538461538,0.392857142857,0.509433962264,0.5,0.413043478261,0.474576271186,0.441176470588,0.539473684211,0.489795918367,0.473684210526,0.466666666667,0.543859649123,0.392857142857,0.389830508475,0.45652173913,0.527272727273,0.434782608696,0.375,0.604651162791,0.463414634146,0.574074074074,0.555555555556,0.488372093023,0.48,0.44,0.566037735849,0.473684210526,0.524590163934,0.4,0.5,0.4375,0.416666666667,0.407407407407,0.416666666667,0.54347826087,0.5625,0.510204081633,0.44,0.492063492063,0.575,0.425531914894,0.538461538462,0.477272727273,0.289473684211,0.4375,0.558139534884,0.470588235294,0.442307692308,0.413793103448,0.424242424242,0.517857142857,0.641025641026,0.604651162791,0.38,0.595238095238,0.468085106383,0.596774193548,0.490909090909,0.540540540541,0.508474576271,0.511111111111,0.615384615385,0.619047619048,0.530612244898,0.478260869565,0.441860465116,0.391304347826,0.40625,0.490196078431,0.512195121951,0.466666666667,0.339622641509,0.479166666667,0.666666666667,0.511627906977,0.6,0.508474576271,0.684210526316,0.533333333333,0.576923076923,0.418604651163,0.488888888889,0.541666666667,0.511111111111,0.395348837209,0.5,0.594594594595,0.545454545455,0.463414634146,0.568181818182,0.534482758621,0.5625,0.444444444444,0.512195121951,0.434782608696,0.621621621622,0.48,0.555555555556,0.477272727273,0.581395348837,0.5,0.53488372093,0.435897435897,0.557692307692,0.583333333333,0.37037037037,0.470588235294,0.612244897959,0.565217391304,0.604651162791,0.549019607843,0.418604651163,0.457142857143,0.511627906977,0.463414634146,0.447368421053,0.477272727273,0.651162790698,0.928571428571,0.928571428571,0.45,0.522727272727,0.466666666667,0.510204081633,0.452380952381,0.64406779661,0.413043478261,0.553191489362,0.613636363636,0.512195121951,0.6,0.558139534884,0.354166666667,0.478260869565,0.48,0.382978723404,0.382978723404,0.589285714286,0.552631578947,0.351351351351,0.574468085106,0.584905660377,0.558139534884,0.531914893617,0.444444444444,0.381818181818,0.486486486486,0.617021276596,0.5,0.511627906977,0.52380952381,0.461538461538,0.576271186441,0.475,0.478260869565,0.490196078431,0.5,0.480769230769,0.604651162791,0.489361702128,0.42,0.548387096774,0.441176470588,0.348837209302,0.551020408163,0.585365853659,0.5,0.512820512821,0.428571428571,0.5,0.555555555556,0.452380952381,0.45652173913,0.462962962963,0.5,0.55,0.4,0.625,0.388888888889,0.442307692308,0.375,0.5,0.425,0.395833333333,0.416666666667,0.440677966102,0.659090909091,0.5,0.379310344828,0.508196721311,0.516666666667,0.568181818182,0.488888888889,0.513513513514,0.555555555556,0.490566037736,0.638888888889,0.487179487179,0.4,0.35,0.549019607843,0.390243902439,0.438596491228,0.574468085106,0.490566037736,0.627450980392,0.659090909091,0.478260869565,0.513513513514,0.577777777778,0.452380952381,0.459459459459,0.6,0.5,0.459459459459,0.408163265306,0.529411764706,0.521739130435,0.470588235294,0.488888888889,0.565217391304,0.56862745098,0.375,0.446808510638,0.507936507937,0.297297297297,0.52,0.423076923077,0.489795918367,0.545454545455,0.5,0.6,0.477272727273,0.590909090909,0.590909090909,0.463414634146,0.428571428571,0.512195121951,0.509433962264,0.45652173913,0.488372093023,0.431034482759,0.5,0.5,0.54,0.516129032258,0.441860465116,0.55,0.433333333333,0.527777777778,0.471698113208,0.69696969697,0.741935483871,0.512820512821,0.541666666667,0.442307692308,0.345454545455,0.555555555556,0.59649122807,0.510204081633,0.520833333333,0.581818181818,0.384615384615,0.559322033898,0.516129032258,0.531914893617,0.549019607843,0.549019607843,0.605263157895,0.555555555556,0.615384615385,0.555555555556,0.595744680851,0.604166666667,0.490909090909,0.428571428571,0.545454545455,0.468085106383,0.423076923077,0.471428571429,0.584905660377,0.557692307692,0.54347826087,0.413793103448,0.461538461538,0.409836065574,0.520833333333,0.491525423729,0.423076923077,0.452380952381,0.439024390244,0.492537313433,0.492307692308,0.575,0.56,0.434782608696,0.543859649123,0.549019607843,0.549019607843,0.471698113208,0.425531914894,0.56,0.52380952381,0.459016393443,0.52,0.52380952381,0.409090909091,0.404255319149,0.434782608696,0.387755102041,0.508474576271,0.511111111111,0.478260869565,0.555555555556,0.566037735849,0.508771929825,0.510204081633,0.411764705882,0.531914893617,0.534482758621,0.589743589744,0.488888888889,0.53488372093,0.488372093023,0.391304347826,0.408163265306,0.541666666667,0.5,0.608695652174,0.48,0.462962962963,0.462962962963,0.538461538462,0.547619047619,0.538461538462,0.52,0.551020408163,0.468085106383,0.571428571429,0.581818181818,0.465517241379,0.529411764706,0.488888888889,0.307692307692,0.5,0.509090909091,0.472727272727,0.4375,0.520833333333,0.418604651163,0.392156862745,0.458333333333,0.555555555556,0.487804878049,0.464285714286,0.405405405405,0.48275862069,0.555555555556,0.48275862069,0.489795918367,0.441860465116,0.532258064516,0.543859649123,0.661016949153,0.652173913043,0.471698113208,0.549019607843,0.466666666667,0.557692307692,0.456140350877,0.574468085106,0.555555555556,0.458333333333,0.745098039216,0.555555555556,0.403846153846,0.42,0.448979591837,0.558139534884,0.511111111111,0.584905660377,0.58,0.512195121951,0.528301886792,0.529411764706,0.571428571429,0.464788732394,0.541666666667,0.533333333333,0.468085106383,0.452380952381,0.571428571429,0.627906976744,0.697674418605,0.65306122449,0.54,0.454545454545,0.509433962264,0.391304347826,0.358490566038,0.52,0.52380952381,0.466666666667,0.487179487179,0.41935483871,0.5,0.518518518519,0.508196721311,0.482142857143,0.416666666667,0.697674418605,0.468085106383,0.55,0.651162790698,0.485714285714,0.508474576271,0.475409836066,0.446808510638,0.625,0.553191489362,0.457142857143,0.34375,0.473684210526,0.47619047619,0.5,0.553191489362,0.520833333333,0.4,0.480769230769,0.461538461538,0.36,0.545454545455,0.509433962264,0.4,0.5,0.56862745098,0.589285714286,0.581818181818,0.593220338983,0.487179487179,0.488372093023,0.511627906977,0.5,0.425,0.591836734694,0.488888888889,0.518518518519,0.647058823529,0.574468085106,0.62,0.537037037037,0.538461538462,0.484848484848,0.470588235294,0.421052631579,0.409090909091,0.604166666667,0.545454545455,0.555555555556,0.642857142857,0.540540540541,0.452380952381,0.46,0.4,0.518518518519,0.532258064516,0.466666666667,0.549019607843,0.486486486486,0.540540540541,0.55,0.405405405405,0.581395348837,0.512195121951,0.5625,0.666666666667,0.512195121951,0.366666666667,0.470588235294,0.560606060606,0.514285714286,0.641509433962,0.377777777778,0.567567567568,0.43137254902,0.483870967742,0.363636363636,0.405405405405,0.591836734694,0.439024390244,0.511627906977,0.527272727273,0.510638297872,0.531914893617,0.366666666667,0.5625,0.529411764706,0.558139534884,0.576923076923,0.551724137931,0.641791044776,0.470588235294,0.71875,0.552631578947,0.619047619048,0.372549019608,0.489795918367,0.540983606557,0.45652173913,0.526315789474,0.483870967742,0.530612244898,0.463414634146,0.454545454545,0.459459459459,0.5,0.491803278689,0.566037735849,0.666666666667,0.611111111111,0.6,0.375,0.4,0.409090909091,0.481481481481,0.5,0.474576271186,0.48,0.611111111111,0.472727272727,0.52,0.545454545455,0.481481481481,0.488888888889,0.53125,0.423076923077,0.527777777778,0.5,0.490196078431,0.4,0.530612244898,0.456140350877,0.446808510638,0.511111111111,0.522727272727,0.5,0.52380952381,0.447368421053,0.544117647059,0.448979591837,0.428571428571,0.474576271186,0.651162790698,0.488372093023,0.560975609756,0.386363636364,0.484848484848,0.625,0.517857142857,0.652173913043,0.475,0.487804878049,0.386363636364,0.416666666667,0.375,0.446808510638,0.458333333333,0.454545454545,0.55,0.655172413793,0.527777777778,0.5,0.607843137255,0.55,0.488372093023,0.475,0.416666666667,0.509090909091,0.508771929825,0.573333333333,0.542372881356,0.581818181818,0.587301587302,0.442307692308,0.406779661017,0.45652173913,0.5,0.441860465116,0.521739130435,0.509803921569,0.553571428571,0.519230769231,0.540540540541,0.490909090909,0.436363636364,0.305555555556,0.490196078431,0.595744680851,0.677419354839,0.677419354839,0.5,0.545454545455,0.56862745098,0.566037735849,0.425,0.470588235294,0.515151515152,0.5,0.377777777778,0.54,0.446808510638,0.467741935484,0.481481481481,0.297297297297,0.591836734694,0.545454545455,0.571428571429,0.65625,0.488372093023,0.317073170732,0.5,0.490196078431,0.5,0.351351351351,0.428571428571,0.481481481481,0.384615384615,0.774193548387,0.5,0.42,0.514705882353,0.45,0.416666666667,0.55,0.354166666667,0.512195121951,0.435483870968,0.51724137931,0.36170212766,0.408163265306,0.5,0.367346938776,0.634615384615,0.62,0.538461538462,0.519230769231,0.5,0.615384615385,0.438596491228,0.348837209302,0.456140350877,0.641025641026,0.62962962963,0.571428571429,0.564102564103,0.545454545455,0.510638297872,0.43137254902,0.354166666667,0.428571428571,0.377777777778,0.490196078431,0.425925925926,0.468085106383,0.4,0.5625,0.486486486486,0.467741935484,0.461538461538,0.536585365854,0.6,0.604651162791,0.5,0.463414634146,0.545454545455,0.470588235294,0.5,0.342857142857,0.317073170732,0.591549295775,0.511111111111,0.5625,0.591836734694,0.622222222222,0.475,0.5,0.509803921569,0.5,0.444444444444,0.448275862069,0.468085106383,0.5,0.5,0.507462686567,0.363636363636,0.377777777778,0.4,0.459459459459,0.375,0.547169811321,0.560606060606,0.571428571429,0.552631578947,0.358974358974,0.520833333333,0.557692307692,0.543859649123,0.433962264151,0.557692307692,0.634615384615,0.378378378378,0.452380952381,0.511111111111,0.533333333333,0.438596491228,0.410256410256,0.466666666667,0.508196721311,0.488888888889,0.527777777778,0.510638297872,0.444444444444,0.512195121951,0.382978723404,0.627906976744,0.6,0.527272727273,0.487179487179,0.513513513514,0.466666666667,0.434782608696,0.583333333333,0.507462686567,0.591836734694,0.547169811321,0.474576271186,0.604651162791,0.5,0.565217391304,0.574468085106,0.481481481481,0.576923076923,0.64,0.615384615385,0.333333333333,0.478260869565,0.5,0.474576271186,0.4,0.487804878049,0.5,0.510638297872,0.4,0.704545454545,0.486486486486,0.54,0.509433962264,0.52,0.618181818182,0.5,0.679245283019,0.531914893617,0.489795918367,0.571428571429,0.508771929825,0.542857142857,0.526315789474,0.581818181818,0.439024390244,0.609756097561,0.459459459459,0.6875,0.479166666667,0.423728813559,0.547169811321,0.558139534884,0.5,0.5,0.4375,0.551724137931,0.531914893617,0.479166666667,0.45652173913,0.52380952381,0.6,0.474576271186,0.473684210526,0.490909090909,0.5,0.559322033898,0.489795918367,0.561403508772,0.511627906977,0.588235294118,0.396226415094,0.596153846154,0.463414634146,0.46,0.414634146341,0.522727272727,0.56,0.573770491803,0.525423728814,0.560975609756,0.521739130435,0.489795918367,0.575757575758,0.485714285714,0.6,0.511111111111,0.471698113208,0.5,0.425531914894,0.608695652174,0.462962962963,0.696428571429,0.48275862069,0.5,0.542372881356,0.573770491803,0.372549019608,0.510204081633,0.571428571429,0.441860465116,0.418181818182,0.578947368421,0.477272727273,0.5,0.489361702128,0.509433962264,0.528301886792,0.396226415094,0.423076923077,0.673913043478,0.571428571429,0.468085106383,0.560975609756,0.482142857143,0.314285714286,0.533333333333,0.452380952381,0.584905660377,0.511111111111,0.378378378378,0.372093023256,0.617647058824,0.446808510638,0.515625,0.631578947368,0.489361702128,0.563636363636,0.666666666667,0.513513513514,0.468085106383,0.452380952381,0.625,0.5,0.511111111111,0.466666666667,0.641025641026,0.54347826087,0.622950819672,0.316666666667,0.561403508772,0.363636363636,0.391304347826,0.395833333333,0.307692307692,0.469387755102,0.403846153846,0.473684210526,0.534482758621,0.510638297872,0.491228070175,0.547619047619,0.422222222222,0.545454545455,0.47619047619,0.45,0.55,0.538461538462,0.52380952381,0.5,0.487179487179,0.521739130435,0.522727272727,0.571428571429,0.516666666667,0.571428571429,0.58,0.62,0.64,0.46511627907,0.6,0.5,0.564102564103,0.564102564103,0.55,0.484848484848,0.5625,0.590909090909,0.574468085106,0.522727272727,0.522727272727,0.371428571429,0.791666666667,0.54,0.416666666667,0.588235294118,0.408163265306,0.409090909091,0.625,0.472222222222,0.441176470588,0.615384615385,0.525,0.536585365854,0.551020408163,0.32,0.418604651163,0.535714285714,0.47619047619,0.488372093023,0.435897435897,0.466666666667,0.384615384615,0.7,0.617647058824,0.344827586207,0.536585365854,0.564102564103,0.677419354839,0.442307692308,0.479166666667,0.52380952381,0.513513513514,0.475,0.418604651163,0.490196078431,0.395348837209,0.606060606061,0.372549019608,0.595238095238,0.54347826087,0.533333333333,0.41935483871,0.538461538462,0.456140350877,0.529411764706,0.465753424658,0.46,0.566666666667,0.458333333333,0.53125,0.516129032258,0.46,0.518518518519,0.622222222222,0.372549019608,0.368421052632,0.567567567568,0.354166666667,0.450980392157,0.535714285714,0.535714285714,0.5,0.55,0.6875,0.472222222222,0.468085106383,0.607843137255,0.409090909091,0.530612244898,0.547619047619,0.708333333333,0.489795918367,0.411764705882,0.394736842105,0.5,0.620689655172,0.478260869565,0.391304347826,0.530612244898,0.441860465116,0.389830508475,0.418604651163,0.483333333333,0.384615384615,0.5,0.521739130435,0.5,0.545454545455,0.383333333333,0.578947368421,0.548387096774,0.517857142857,0.54347826087,0.411764705882,0.660714285714,0.625,0.63829787234,0.488372093023,0.634615384615,0.595238095238,0.604166666667,0.431818181818,0.383333333333,0.4,0.393442622951,0.55,0.40625,0.538461538462,0.607843137255,0.522727272727,0.441860465116,0.342105263158,0.3125,0.410256410256,0.390243902439,0.555555555556,0.545454545455,0.327586206897,0.459016393443,0.45,0.478260869565,0.583333333333,0.555555555556,0.46,0.594594594595,0.42,0.645161290323,0.384615384615,0.5,0.468085106383,0.410256410256,0.489361702128,0.490566037736,0.413043478261,0.551020408163,0.552631578947,0.536585365854,0.444444444444,0.565217391304,0.566037735849,0.555555555556,0.333333333333,0.516129032258,0.438596491228,0.488888888889,0.62,0.52,0.432432432432,0.555555555556,0.5,0.451612903226,0.46511627907,0.525,0.510204081633,0.389830508475,0.522727272727,0.578947368421,0.410714285714,0.514285714286,0.333333333333,0.538461538462,0.555555555556,0.5,0.44,0.5,0.46511627907,0.586956521739,0.433333333333,0.469387755102,0.369565217391,0.466666666667,0.566037735849,0.520833333333,0.446153846154,0.510204081633,0.293103448276,0.425,0.4375,0.611111111111,0.5,0.625,0.557692307692,0.513513513514,0.538461538462,0.431818181818,0.522727272727,0.471698113208,0.454545454545,0.604166666667,0.487179487179,0.5,0.475,0.411764705882,0.586956521739,0.509090909091,0.636363636364,0.416666666667,0.613636363636,0.605633802817,0.477272727273,0.272727272727,0.510204081633,0.367346938776,0.40625,0.52380952381,0.542857142857,0.441860465116,0.436363636364,0.516666666667,0.563636363636,0.52,0.518518518519,0.51724137931,0.531914893617,0.526315789474,0.489361702128,0.576271186441,0.578947368421,0.567567567568,0.421052631579,0.559322033898,0.444444444444,0.4,0.471698113208,0.538461538462,0.575757575758,0.444444444444,0.47619047619,0.446808510638,0.581818181818,0.52,0.384615384615,0.46511627907,0.560975609756,0.48,0.566037735849,0.574468085106,0.558139534884,0.452830188679,0.531914893617,0.65625,0.490909090909,0.571428571429,0.625,0.558823529412,0.536585365854,0.40625,0.333333333333,0.5,0.535714285714,0.471698113208,0.5,0.467741935484,0.446428571429,0.555555555556,0.441860465116,0.53488372093,0.354838709677,0.5,0.553191489362,0.555555555556,0.531914893617,0.466666666667,0.413793103448,0.352941176471,0.409090909091,0.492753623188,0.396825396825,0.68085106383,0.530612244898,0.603448275862,0.590909090909,0.5,0.585365853659,0.466666666667,0.561403508772,0.404255319149,0.547619047619,0.4375,0.491803278689,0.5,0.510204081633,0.528301886792,0.568965517241,0.439024390244,0.358974358974,0.508771929825,0.464285714286,0.595238095238,0.657142857143,0.489795918367,0.618181818182,0.413043478261,0.555555555556,0.533333333333,0.578947368421,0.450980392157,0.545454545455,0.555555555556,0.43137254902,0.5,0.5,0.490566037736,0.685714285714,0.42,0.526315789474,0.425531914894,0.342105263158,0.442307692308,0.604166666667,0.403846153846,0.5,0.371428571429,0.5625,0.375,0.657894736842,0.675675675676,0.571428571429,0.481481481481,0.472222222222,0.514285714286,0.541666666667,0.85,0.508474576271,0.462962962963,0.666666666667,0.627906976744,0.568965517241,0.408163265306,0.564102564103,0.490196078431,0.604166666667,0.45,0.478260869565,0.510638297872,0.487179487179,0.480769230769,0.458333333333,0.489361702128,0.5,0.441860465116,0.469387755102,0.509803921569,0.395348837209,0.435483870968,0.377358490566,0.425,0.551020408163,0.479166666667,0.5,0.448275862069,0.480769230769,0.536585365854,0.589285714286,0.481481481481,0.508771929825,0.384615384615,0.466666666667,0.403846153846,0.452830188679,0.377777777778,0.304347826087,0.589285714286,0.5,0.509433962264,0.4,0.592592592593,0.54,0.658536585366,0.519230769231,0.5,0.636363636364,0.5,0.511111111111,0.545454545455,0.5,0.543859649123,0.488372093023,0.432432432432,0.395348837209,0.428571428571,0.564102564103,0.458333333333,0.377358490566,0.390243902439,0.477611940299,0.479166666667,0.479166666667,0.367346938776,0.464285714286,0.56862745098,0.392156862745,0.5,0.557692307692,0.5,0.41935483871,0.448979591837,0.557692307692,0.409090909091,0.65,0.489361702128,0.676470588235,0.368421052632,0.458333333333,0.574074074074,0.565217391304,0.588235294118,0.464285714286,0.595238095238,0.512195121951,0.432432432432,0.528301886792,0.666666666667,0.439024390244,0.551724137931,0.545454545455,0.268292682927,0.510204081633,0.490909090909,0.508474576271,0.422222222222,0.475409836066,0.4375,0.413793103448,0.469387755102,0.6,0.485714285714,0.440677966102,0.622222222222,0.578947368421,0.472727272727,0.557692307692,0.387755102041,0.304347826087,0.576923076923,0.654545454545,0.5,0.558139534884,0.571428571429,0.444444444444,0.441860465116,0.5,0.436363636364,0.47619047619,0.652173913043,0.577777777778,0.468085106383,0.4,0.578947368421,0.478260869565,0.446808510638,0.466666666667,0.303571428571,0.416666666667,0.574468085106,0.358974358974,0.648648648649,0.469387755102,0.51724137931,0.440677966102,0.53125,0.521739130435,0.625,0.586956521739,0.404761904762,0.488372093023,0.358490566038,0.448979591837,0.421052631579,0.511627906977,0.456140350877,0.545454545455,0.632653061224,0.54347826087,0.480769230769,0.450980392157,0.48,0.564102564103,0.575,0.473684210526,0.59649122807,0.632653061224,0.565217391304,0.509803921569,0.473684210526,0.396551724138,0.368421052632,0.508771929825,0.545454545455,0.488888888889,0.55,0.5,0.325,0.625,0.468085106383,0.615384615385,0.483870967742,0.413043478261,0.355555555556,0.371428571429,0.571428571429,0.490909090909,0.388888888889,0.611111111111,0.470588235294,0.482142857143,0.446808510638,0.65306122449,0.47619047619,0.425531914894,0.488372093023,0.377777777778,0.627450980392,0.422222222222,0.392156862745,0.473684210526,0.478260869565,0.567567567568,0.35,0.404255319149,0.407407407407,0.585365853659,0.488372093023,0.636363636364,0.553846153846,0.651162790698,0.625,0.603773584906,0.512820512821,0.486486486486,0.404255319149,0.5,0.511111111111,0.62,0.56862745098,0.509090909091,0.5,0.432432432432,0.452380952381,0.596153846154,0.461538461538,0.390243902439,0.388888888889,0.48,0.404255319149,0.48,0.333333333333,0.333333333333,0.659090909091,0.378378378378,0.432432432432,0.436363636364,0.357142857143,0.490196078431,0.481481481481,0.464285714286,0.618181818182,0.5,0.574468085106,0.547619047619,0.611111111111,0.591836734694,0.521739130435,0.490196078431,0.512820512821,0.387755102041,0.390243902439,0.45652173913,0.568965517241,0.35,0.644444444444,0.619047619048,0.468085106383,0.489361702128,0.509433962264,0.510638297872,0.66,0.595238095238,0.282608695652,0.454545454545,0.509803921569,0.547169811321,0.381818181818,0.5,0.448275862069,0.545454545455,0.439024390244,0.442307692308,0.385964912281,0.432432432432,0.612903225806,0.448979591837,0.35,0.40350877193,0.396551724138,0.462962962963,0.442307692308,0.344827586207,0.5,0.521739130435,0.439024390244,0.457142857143,0.352941176471,0.533333333333,0.54347826087,0.341463414634,0.565217391304,0.581395348837,0.477272727273,0.439024390244,0.549019607843,0.674418604651,0.6,0.581395348837,0.407407407407,0.508196721311,0.4,0.379310344828,0.577777777778,0.458333333333,0.409090909091,0.411764705882,0.36,0.470588235294,0.461538461538,0.403225806452,0.466666666667,0.425,0.51724137931,0.527777777778,0.487804878049,0.411764705882,0.633333333333,0.548387096774,0.44262295082,0.642857142857,0.491803278689,0.618181818182,0.52,0.459016393443,0.428571428571,0.440677966102,0.444444444444,0.510204081633,0.529411764706,0.568181818182,0.588235294118,0.508771929825,0.565217391304,0.542857142857,0.490566037736,0.45652173913,0.434782608696,0.571428571429,0.428571428571,0.413043478261,0.555555555556,0.519230769231,0.370967741935,0.414634146341,0.474576271186,0.54,0.641025641026,0.48,0.490196078431,0.4,0.689655172414,0.491525423729,0.615384615385,0.526315789474,0.659090909091,0.431034482759,0.512820512821,0.634146341463,0.433962264151,0.439024390244,0.444444444444,0.382978723404,0.404761904762,0.521739130435,0.439024390244,0.606060606061,0.423076923077,0.542857142857,0.542372881356,0.5,0.481481481481,0.636363636364,0.38,0.386363636364,0.446428571429,0.617021276596,0.490196078431,0.5,0.47619047619,0.581818181818,0.407407407407,0.574468085106,0.549019607843,0.526315789474,0.510204081633,0.410714285714,0.44,0.521739130435,0.474576271186,0.482142857143,0.375,0.527272727273,0.4,0.404761904762,0.520833333333,0.649122807018,0.446808510638,0.478260869565,0.76,0.577777777778,0.482142857143,0.533333333333,0.525423728814,0.586956521739,0.526315789474,0.473684210526,0.512820512821,0.428571428571,0.489795918367,0.512195121951,0.487804878049,0.605263157895,0.588235294118,0.428571428571,0.477272727273,0.522727272727,0.423076923077,0.381818181818,0.575,0.382978723404,0.435897435897,0.608695652174,0.525423728814,0.542372881356,0.547619047619,0.612244897959,0.457627118644,0.446808510638,0.433962264151,0.553191489362,0.472222222222,0.459459459459,0.710526315789,0.5,0.5,0.576271186441,0.6,0.571428571429,0.52380952381,0.333333333333,0.441860465116,0.458333333333,0.512195121951,0.541666666667,0.508771929825,0.452830188679,0.5,0.435483870968,0.452380952381,0.526315789474,0.520833333333,0.605263157895,0.25,0.591836734694,0.469696969697,0.5,0.392857142857,0.526315789474,0.612244897959,0.469387755102,0.627450980392,0.428571428571,0.617021276596,0.533333333333,0.522727272727,0.425925925926,0.62,0.368421052632,0.54347826087,0.590909090909,0.511111111111,0.434782608696,0.564102564103,0.615384615385,0.51724137931,0.5,0.564102564103,0.469387755102,0.581818181818,0.477611940299,0.565217391304,0.487804878049,0.509433962264,0.346153846154,0.520833333333,0.340425531915,0.530612244898,0.5,0.54347826087,0.441860465116,0.5,0.5,0.52380952381,0.412698412698,0.558139534884,0.488372093023,0.463414634146,0.447368421053,0.540540540541,0.5,0.512820512821,0.586956521739,0.363636363636,0.648148148148,0.404255319149,0.42,0.5,0.538461538462,0.515151515152,0.438596491228,0.375,0.565217391304,0.591836734694,0.479166666667,0.658536585366,0.431818181818,0.5,0.3125,0.53488372093,0.521739130435,0.535714285714,0.555555555556,0.586956521739,0.537037037037,0.4,0.54,0.517857142857,0.470588235294,0.488372093023,0.395348837209,0.466666666667,0.375,0.531914893617,0.566037735849,0.458333333333,0.433962264151,0.475,0.478260869565,0.406779661017,0.584905660377,0.567567567568,0.479166666667,0.674418604651,0.541666666667,0.410256410256,0.317073170732,0.6,0.671875,0.6,0.422222222222,0.378378378378,0.526315789474,0.526315789474,0.45652173913,0.435897435897,0.5,0.454545454545,0.571428571429,0.5,0.730769230769,0.36170212766,0.46875,0.358974358974,0.359375,0.471698113208,0.571428571429,0.4,0.58064516129,0.418604651163,0.617021276596,0.641509433962,0.48,0.488372093023,0.444444444444,0.657894736842,0.688888888889,0.457142857143,0.515151515152,0.6,0.520833333333,0.5,0.511627906977,0.621621621622,0.551020408163,0.418604651163,0.613636363636,0.625,0.613636363636,0.575757575758,0.55,0.538461538462,0.480769230769,0.428571428571,0.480769230769,0.387755102041,0.604651162791,0.604651162791,0.457142857143,0.448979591837,0.461538461538,0.405405405405,0.63829787234,0.608695652174,0.549019607843,0.414634146341,0.595744680851,0.384615384615,0.435483870968,0.555555555556,0.48,0.448979591837,0.576923076923,0.58064516129,0.685714285714,0.473684210526,0.5,0.513513513514,0.585365853659,0.56,0.72,0.603174603175,0.352941176471,0.488372093023,0.540540540541,0.614035087719,0.464285714286,0.605263157895,0.424242424242,0.420289855072,0.378378378378,0.675675675676,0.474576271186,0.56862745098,0.525423728814,0.6,0.630434782609,0.606060606061,0.487804878049,0.446808510638,0.422222222222,0.681818181818,0.65306122449,0.377777777778,0.481481481481,0.382352941176,0.325,0.5,0.702127659574,0.339622641509,0.418604651163,0.607142857143,0.428571428571,0.462962962963,0.528301886792,0.372093023256,0.620689655172,0.571428571429,0.489795918367,0.431034482759,0.48,0.547169811321,0.415094339623,0.5,0.527777777778,0.410256410256,0.473684210526,0.58064516129,0.5,0.62962962963,0.633333333333,0.528301886792,0.444444444444,0.372093023256,0.65,0.512195121951,0.631578947368,0.515151515152,0.547169811321,0.521739130435,0.435483870968,0.5,0.509803921569,0.452380952381,0.43137254902,0.46511627907,0.6,0.4,0.488372093023,0.512820512821,0.483870967742,0.490566037736,0.45652173913,0.714285714286,0.5,0.545454545455,0.514285714286,0.423076923077,0.357142857143,0.454545454545,0.510204081633,0.511111111111,0.543859649123,0.408163265306,0.675,0.461538461538,0.375,0.352941176471,0.558823529412,0.642857142857,0.407407407407,0.595744680851,0.54347826087,0.491228070175,0.480769230769,0.333333333333,0.603773584906,0.563636363636,0.44,0.489795918367,0.522727272727,0.521739130435,0.625,0.458333333333,0.46875,0.5,0.551020408163,0.507936507937,0.5,0.4375,0.5,0.507936507937,0.452380952381,0.5,0.575757575758,0.432432432432,0.566037735849,0.479166666667,0.560975609756,0.4375,0.510638297872,0.473684210526,0.551724137931,0.517857142857,0.435897435897,0.432835820896,0.46,0.454545454545,0.470588235294,0.581818181818,0.511627906977,0.54347826087,0.431818181818,0.666666666667,0.511111111111,0.605263157895,0.488888888889,0.551724137931,0.440677966102,0.470588235294,0.431818181818,0.283018867925,0.431818181818,0.518518518519,0.615384615385,0.520833333333,0.520833333333,0.4375,0.606060606061,0.553846153846,0.608695652174,0.545454545455,0.491228070175,0.51724137931,0.571428571429,0.458333333333,0.491803278689,0.565217391304,0.5,0.604651162791,0.627450980392,0.477611940299,0.540983606557,0.5,0.574468085106,0.410256410256,0.541666666667,0.5,0.485294117647,0.547619047619,0.5,0.409090909091,0.594594594595,0.641025641026,0.666666666667,0.547169811321,0.567567567568,0.528301886792,0.512195121951,0.576923076923,0.564102564103,0.527272727273,0.6,0.35,0.583333333333,0.46,0.622222222222,0.509803921569,0.461538461538,0.525,0.595238095238,0.541666666667,0.682926829268,0.666666666667,0.62,0.551020408163,0.520833333333,0.581395348837,0.450980392157,0.392857142857,0.509803921569,0.414634146341,0.317073170732,0.5,0.588235294118,0.568181818182,0.634615384615,0.447368421053,0.631578947368,0.603773584906,0.545454545455,0.474576271186,0.565217391304,0.34375,0.405405405405,0.439024390244,0.528301886792,0.522727272727,0.491525423729,0.375,0.5,0.5,0.541666666667,0.584905660377,0.53488372093,0.631578947368,0.5,0.541666666667,0.54,0.428571428571,0.571428571429,0.485714285714,0.555555555556,0.463414634146,0.530612244898,0.609756097561,0.782608695652,0.452830188679,0.558823529412,0.380952380952,0.428571428571,0.5,0.538461538462,0.46511627907,0.734693877551,0.62,0.55,0.387755102041,0.566666666667,0.355555555556,0.457142857143,0.52380952381,0.490909090909,0.551020408163,0.466666666667,0.541666666667,0.466666666667,0.538461538462,0.444444444444,0.551020408163,0.5,0.454545454545,0.375,0.5,0.510204081633,0.613636363636,0.404255319149,0.541666666667,0.58,0.522727272727,0.612903225806,0.457142857143,0.5,0.539682539683,0.454545454545,0.352941176471,0.536585365854,0.529411764706,0.45,0.591836734694,0.588235294118,0.488372093023,0.432432432432,0.378378378378,0.64,0.475,0.551020408163,0.58,0.525423728814,0.510204081633,0.541666666667,0.536585365854,0.675,0.55,0.533333333333,0.583333333333,0.512820512821,0.480769230769,0.538461538462,0.540540540541,0.555555555556,0.555555555556,0.486486486486,0.527272727273,0.439024390244,0.574468085106,0.558139534884,0.415384615385,0.469387755102,0.551020408163,0.478260869565,0.475,0.487804878049,0.4,0.432432432432,0.380952380952,0.361111111111,0.581395348837,0.531914893617,0.548387096774,0.633333333333,0.428571428571,0.530303030303,0.5,0.479166666667,0.533333333333,0.326086956522,0.538461538462,0.592592592593,0.487804878049,0.4375,0.285714285714,0.382352941176,0.540983606557,0.527272727273,0.622222222222,0.558139534884,0.509433962264,0.434782608696,0.486486486486,0.487179487179,0.48,0.62,0.6,0.518518518519,0.5,0.5,0.367346938776,0.391304347826,0.56,0.529411764706,0.685714285714,0.583333333333,0.375,0.354838709677,0.421052631579,0.4,0.441860465116,0.641025641026,0.44,0.529411764706,0.578947368421,0.5,0.529411764706,0.551020408163,0.479166666667,0.642857142857,0.307692307692,0.76,0.53125,0.540540540541,0.511627906977,0.317073170732,0.564102564103,0.560975609756,0.511111111111,0.538461538462,0.446428571429,0.368421052632,0.581395348837,0.586206896552,0.380952380952,0.459459459459,0.5,0.568181818182,0.555555555556,0.431818181818,0.413043478261,0.421052631579,0.658536585366,0.431034482759,0.596153846154,0.444444444444,0.5,0.48,0.350877192982,0.461538461538,0.5,0.518518518519,0.4,0.35,0.492063492063,0.416666666667,0.607843137255,0.446428571429,0.341463414634,0.409090909091,0.553571428571,0.5,0.428571428571,0.480769230769,0.527272727273,0.508771929825,0.52380952381,0.507462686567,0.441860465116,0.510204081633,0.302325581395,0.431818181818,0.5,0.444444444444,0.558139534884,0.590909090909,0.259259259259,0.357142857143,0.630434782609,0.444444444444,0.469387755102,0.5,0.510638297872,0.6,0.5,0.40350877193,0.441860465116,0.588235294118,0.583333333333,0.560975609756,0.407407407407,0.454545454545,0.586956521739,0.466666666667,0.549019607843,0.589743589744,0.404255319149,0.531914893617,0.404761904762,0.510638297872,0.454545454545,0.490909090909,0.289473684211,0.519230769231,0.642857142857,0.444444444444,0.619047619048,0.561403508772,0.518518518519,0.468085106383,0.35,0.545454545455,0.48,0.541666666667,0.512195121951,0.404761904762,0.425531914894,0.55,0.5,0.555555555556,0.542857142857,0.594594594595,0.611111111111,0.659574468085,0.621621621622,0.388888888889,0.5,0.614035087719,0.568181818182,0.576923076923,0.519230769231,0.480769230769,0.603448275862,0.421052631579,0.511111111111,0.5,0.531914893617,0.542372881356,0.688888888889,0.44,0.529411764706,0.547619047619,0.431818181818,0.5625,0.520833333333,0.555555555556,0.549019607843,0.508196721311,0.636363636364,0.58064516129,0.537037037037,0.338983050847,0.578947368421,0.32,0.422222222222,0.446808510638,0.545454545455,0.38,0.491228070175,0.31914893617,0.622222222222,0.489795918367,0.585365853659,0.520833333333,0.392857142857,0.55737704918,0.547619047619,0.473684210526,0.530612244898,0.559322033898,0.536585365854,0.428571428571,0.477272727273,0.5,0.551724137931,0.526315789474,0.590909090909,0.45652173913,0.481481481481,0.395348837209,0.428571428571,0.53488372093,0.522727272727,0.487804878049,0.372549019608,0.481481481481,0.516129032258,0.528301886792,0.367346938776,0.533333333333,0.47619047619,0.451612903226,0.473684210526,0.591836734694,0.45,0.510638297872,0.538461538462,0.592592592593,0.5,0.510204081633,0.578947368421,0.603448275862,0.470588235294,0.46,0.471698113208,0.659574468085,0.6,0.513513513514,0.441176470588,0.5,0.53488372093,0.517857142857,0.52,0.565217391304,0.541666666667,0.483870967742,0.528301886792,0.553846153846,0.48275862069,0.47619047619,0.459459459459,0.409090909091,0.613636363636,0.545454545455,0.485714285714,0.393939393939,0.512195121951,0.520833333333,0.576271186441,0.488888888889,0.577777777778,0.538461538462,0.480769230769,0.609756097561,0.614035087719,0.613636363636,0.378378378378,0.371428571429,0.5,0.47619047619,0.509090909091,0.470588235294,0.435897435897,0.471698113208,0.408163265306,0.555555555556,0.585365853659,0.591836734694,0.536585365854,0.574074074074,0.5625,0.478260869565,0.48,0.53488372093,0.666666666667,0.466666666667,0.5625,0.583333333333,0.558139534884,0.58,0.512820512821,0.372549019608,0.431818181818,0.469387755102,0.6,0.421052631579,0.625,0.619047619048,0.451612903226,0.314814814815,0.536585365854,0.421052631579,0.549019607843,0.586956521739,0.491525423729,0.468085106383,0.5,0.472222222222,0.418604651163,0.52,0.58,0.551020408163,0.595238095238,0.644444444444,0.531914893617,0.511111111111,0.444444444444,0.555555555556,0.488372093023,0.489795918367,0.361111111111,0.5,0.459459459459,0.5,0.382352941176,0.378378378378,0.578947368421,0.444444444444,0.583333333333,0.489361702128,0.558139534884,0.490196078431,0.446808510638,0.46,0.571428571429,0.416666666667,0.722222222222,0.54347826087,0.46,0.421052631579,0.418181818182,0.547619047619,0.357142857143,0.531914893617,0.4,0.541666666667,0.461538461538,0.58,0.478260869565,0.352941176471,0.581818181818,0.375,0.371428571429,0.488888888889,0.454545454545,0.585365853659,0.625,0.516129032258,0.6,0.487179487179,0.468085106383,0.531914893617,0.5625,0.441860465116,0.514285714286,0.388888888889,0.549019607843,0.466666666667,0.490196078431,0.53488372093,0.4,0.450980392157,0.571428571429,0.538461538462,0.53488372093,0.351351351351,0.448275862069,0.407407407407,0.415094339623,0.527272727273,0.446808510638,0.697674418605,0.441860465116,0.555555555556,0.214285714286,0.511111111111,0.56,0.477272727273,0.535714285714,0.571428571429,0.510204081633,0.595744680851,0.512820512821,0.477272727273,0.468085106383,0.382978723404,0.454545454545,0.416666666667,0.469387755102,0.533333333333,0.530612244898,0.470588235294,0.63829787234,0.53488372093,0.525,0.511627906977,0.468085106383,0.425925925926,0.371428571429,0.521739130435,0.511627906977,0.581395348837,0.625,0.467741935484,0.538461538462,0.565217391304,0.32,0.531914893617,0.519230769231,0.636363636364,0.5,0.944444444444,0.425531914894,0.382978723404,0.536585365854,0.428571428571,0.528301886792,0.508474576271,0.470588235294,0.375,0.475,0.448979591837,0.431818181818,0.388888888889,0.5,0.454545454545,0.542857142857,0.384615384615,0.595744680851,0.622222222222,0.594594594595,0.481481481481,0.390243902439,0.416666666667,0.444444444444,0.379310344828,0.44262295082,0.645833333333,0.44,0.5,0.5,0.608695652174,0.583333333333,0.439024390244,0.446808510638,0.607843137255,0.55223880597,0.489795918367,0.511627906977,0.423076923077,0.549019607843,0.527777777778,0.5,0.595238095238,0.585365853659,0.48,0.608695652174,0.369565217391,0.54,0.468085106383,0.469387755102,0.38,0.512195121951,0.48275862069,0.482142857143,0.677419354839,0.545454545455,0.487179487179,0.487804878049,0.377777777778,0.4,0.434782608696,0.423728813559,0.434782608696,0.5,0.458333333333,0.485714285714,0.557692307692,0.456140350877,0.545454545455,0.666666666667,0.625,0.547619047619,0.466666666667,0.517857142857,0.53488372093,0.620689655172,0.553191489362,0.421052631579,0.5,0.462686567164,0.5,0.461538461538,0.448275862069,0.55,0.463414634146,0.552631578947,0.512195121951,0.606060606061,0.411764705882,0.466666666667,0.421052631579,0.475,0.470588235294,0.552631578947,0.440677966102,0.481481481481,0.464285714286,0.551724137931,0.422222222222,0.483333333333,0.574468085106,0.450980392157,0.45,0.45652173913,0.450980392157,0.553191489362,0.549019607843,0.529411764706,0.531914893617,0.6,0.615384615385,0.5,0.540540540541,0.581395348837,0.5,0.509433962264,0.586206896552,0.512195121951,0.558823529412,0.513513513514,0.642857142857,0.48,0.475,0.484848484848,0.477272727273,0.622222222222,0.652173913043,0.510638297872,0.392857142857,0.558139534884,0.547169811321,0.581395348837,0.59375,0.471698113208,0.463414634146,0.46,0.46,0.581818181818,0.472727272727,0.402985074627,0.5,0.510638297872,0.584905660377,0.603773584906,0.586956521739,0.469387755102,0.541666666667,0.471698113208,0.538461538462,0.395348837209,0.413043478261,0.55,0.5,0.509803921569,0.54,0.444444444444,0.525423728814,0.551724137931,0.488888888889,0.446808510638,0.423076923077,0.555555555556,0.444444444444,0.548387096774,0.555555555556,0.548387096774,0.567164179104,0.410714285714,0.375,0.351351351351,0.370967741935,0.458333333333,0.555555555556,0.581818181818,0.641509433962,0.566037735849,0.520833333333,0.530612244898,0.461538461538,0.588235294118,0.509803921569,0.549019607843,0.576923076923,0.48,0.479166666667,0.511627906977,0.577777777778,0.489795918367,0.5,0.4,0.4,0.590909090909,0.469387755102,0.392156862745,0.553191489362,0.403225806452,0.510638297872,0.571428571429,0.545454545455,0.545454545455,0.465517241379,0.5,0.491228070175,0.525423728814,0.428571428571,0.491228070175,0.533333333333,0.537037037037,0.545454545455,0.490196078431,0.436363636364,0.45,0.68085106383,0.535714285714,0.446808510638,0.433333333333,0.454545454545,0.5,0.509090909091,0.511111111111,0.441176470588,0.529411764706,0.454545454545,0.441176470588,0.394736842105,0.561403508772,0.380952380952,0.575,0.55,0.4,0.5,0.631578947368,0.51724137931,0.454545454545,0.46511627907,0.487179487179,0.490909090909,0.464285714286,0.606557377049,0.408163265306,0.568181818182,0.509803921569,0.405405405405,0.44,0.581818181818,0.473684210526,0.448979591837,0.478260869565,0.591836734694,0.571428571429,0.487804878049,0.428571428571,0.561403508772,0.43137254902,0.528301886792,0.481481481481,0.52,0.413043478261,0.538461538462,0.581818181818,0.352941176471,0.586956521739,0.488888888889,0.509803921569,0.471698113208,0.611111111111,0.490909090909,0.542372881356,0.511111111111,0.75,0.744186046512,0.454545454545,0.372881355932,0.528301886792,0.526315789474,0.395348837209,0.5,0.604166666667,0.615384615385,0.418604651163,0.525423728814,0.38,0.43137254902,0.4,0.53488372093,0.468085106383,0.425925925926,0.466666666667,0.465517241379,0.71875,0.513513513514,0.380952380952,0.545454545455,0.526315789474,0.48,0.490909090909,0.491525423729,0.5,0.625,0.571428571429,0.478260869565,0.446808510638,0.387755102041,0.315789473684,0.5,0.450980392157,0.516129032258,0.422222222222,0.418181818182,0.535714285714,0.409090909091,0.575757575758,0.428571428571,0.422222222222,0.5,0.527777777778,0.5,0.43137254902,0.372549019608,0.320754716981,0.431818181818,0.384615384615,0.435897435897,0.38,0.508771929825,0.508196721311,0.347826086957,0.519230769231,0.529411764706,0.492063492063,0.4375,0.571428571429,0.483870967742,0.459459459459,0.488372093023,0.542372881356,0.471428571429,0.5,0.545454545455,1.0,0.5,0.651162790698,0.35,0.346153846154,0.357142857143,0.5625,0.514285714286,0.5,0.5,0.525,0.6,0.475409836066,0.384615384615,0.533333333333,0.560975609756,0.488888888889,0.510638297872,0.446808510638,0.418181818182,0.477272727273,0.488888888889,0.510638297872,0.471698113208,0.365853658537,0.469387755102,0.471698113208,0.5,0.452380952381,0.529411764706,0.517857142857,0.588235294118,0.428571428571,0.358974358974,0.409090909091,0.345454545455,0.474576271186,0.512820512821,0.461538461538,0.551724137931,0.489361702128,0.488372093023,0.519230769231,0.529411764706,0.563636363636,0.527272727273,0.678571428571,0.558823529412,0.578947368421,0.531914893617,0.466666666667,0.45652173913,0.46875,0.4,0.47619047619,0.444444444444,0.413043478261,0.479166666667,0.511111111111,0.571428571429,0.457142857143,0.555555555556,0.611111111111,0.436363636364,0.527272727273,0.279069767442,0.6,0.722222222222,0.644444444444,0.438596491228,0.576271186441,0.472222222222,0.452830188679,0.531914893617,0.422222222222,0.425,0.590909090909,0.413043478261,0.510204081633,0.525,0.490566037736,0.5,0.605263157895,0.5,0.492753623188,0.592592592593,0.538461538462,0.615384615385,0.552631578947,0.645833333333,0.418604651163,0.530612244898,0.560975609756,0.532258064516,0.462962962963,0.410256410256,0.395348837209,0.62,0.275862068966,0.405405405405,0.622950819672,0.478260869565,0.488372093023,0.413793103448,0.448275862069,0.574468085106,0.571428571429,0.558823529412,0.490196078431,0.609756097561,0.297297297297,0.511627906977,0.526315789474,0.42,0.538461538462,0.514285714286,0.542857142857,0.558139534884,0.53125,0.6,0.538461538462,0.568181818182,0.575757575758,0.607843137255,0.618181818182,0.540540540541,0.575757575758,0.6,0.490566037736,0.413793103448,0.58,0.584905660377,0.645833333333,0.647058823529,0.575,0.567567567568,0.519230769231,0.425,0.44,0.52,0.534482758621,0.418181818182,0.512820512821,0.47619047619,0.387096774194,0.555555555556,0.576923076923,0.583333333333,0.384615384615,0.314285714286,0.375,0.428571428571,0.617647058824,0.487804878049,0.365079365079,0.609756097561,0.5,0.560975609756,0.45,0.539682539683,0.435897435897,0.4375,0.555555555556,0.515151515152,0.5,0.375,0.511627906977,0.531914893617,0.490196078431,0.72,0.463414634146,0.511627906977,0.491803278689,0.527272727273,0.71875,0.469387755102,0.634146341463,0.461538461538,0.508771929825,0.511111111111,0.631578947368,0.432432432432,0.477272727273,0.560975609756,0.607142857143,0.46511627907,0.581395348837,0.326086956522,0.461538461538,0.585365853659,0.53488372093,0.641025641026,0.394736842105,0.5,0.418181818182,0.537037037037,0.586956521739,0.634615384615,0.529411764706,0.538461538462,0.536585365854,0.44,0.508771929825,0.565217391304,0.5,0.5,0.473684210526,0.573770491803,0.509433962264,0.509803921569,0.487804878049,0.52380952381,0.351851851852,0.456140350877,0.489361702128,0.384615384615,0.573770491803,0.541666666667,0.604651162791,0.5,0.705882352941,0.478260869565,0.583333333333,0.586206896552,0.428571428571,0.461538461538,0.522727272727,0.651162790698,0.5625,0.527272727273,0.642857142857,0.452380952381,0.514285714286,0.5,0.583333333333,0.471698113208,0.586206896552,0.474576271186,0.534482758621,0.462962962963,0.490196078431,0.528301886792,0.5,0.583333333333,0.526315789474,0.647058823529,0.566666666667,0.452380952381,0.47619047619,0.411764705882,0.512820512821,0.631578947368,0.365384615385,0.488888888889,0.387755102041,0.695652173913,0.475,0.58064516129,0.584905660377,0.534482758621,0.414634146341,0.533333333333,0.444444444444,0.369565217391,0.5,0.485714285714,0.512820512821,0.483870967742,0.465517241379,0.56,0.41935483871,0.488888888889,0.410256410256,0.466666666667,0.579710144928,0.608695652174,0.5,0.622222222222,0.416666666667,0.384615384615,0.628571428571,0.416666666667,1.0,0.333333333333,0.463414634146,0.413043478261,0.525,0.53488372093,0.488372093023,0.461538461538,1.0,0.655172413793,0.446153846154,0.5,0.588235294118,0.538461538462,0.65625,0.548387096774,0.442307692308,0.7,0.47619047619,0.630434782609,0.405405405405,0.44,1.0,0.385321100917,0.46511627907,0.585365853659,0.744680851064,0.628571428571,0.459459459459,0.432432432432,0.564102564103,0.459459459459,0.428571428571,0.555555555556,0.461538461538,0.375,0.510204081633,0.421052631579,0.577777777778,0.45,0.473684210526,0.567567567568,0.604651162791,0.512820512821,0.490566037736,0.458333333333,0.466666666667,0.512195121951,0.446808510638,0.533333333333,0.466666666667,0.4,0.409090909091,0.511111111111,0.421052631579,0.636363636364,0.375,0.484848484848,0.382352941176,0.365853658537,0.545454545455,0.418604651163,0.461538461538,0.6,0.5625,0.382978723404,0.463414634146,0.4375,0.442307692308,0.477272727273,0.47619047619,0.470588235294,0.585365853659,0.5,0.483870967742,0.588235294118,0.47619047619,0.425,0.542857142857,0.583333333333,0.487804878049,0.393939393939,0.428571428571,0.547619047619,0.607843137255,0.6,0.424242424242,0.439024390244,0.618181818182,0.435897435897,0.486486486486,0.588235294118,0.478260869565,0.388888888889,0.577777777778,0.433962264151,0.633333333333,0.434782608696,0.415094339623,0.591836734694,0.428571428571,0.611111111111,0.566666666667,0.491803278689,0.472727272727,0.651162790698,0.545454545455,0.558139534884,0.378378378378,0.560975609756,0.428571428571,0.605263157895,0.475,0.480769230769,0.391304347826,0.441860465116,0.511111111111,0.575,0.375,0.657894736842,0.304347826087,0.575,0.484848484848,0.441860465116,0.542857142857,0.559322033898,0.512820512821,0.631578947368,0.5,0.473684210526,0.65,0.47619047619,0.461538461538,0.619047619048,0.472222222222,0.5,0.6,0.509090909091,0.433333333333,0.409090909091,0.380952380952,0.642857142857,0.4,0.509090909091,0.574074074074,0.47619047619,0.666666666667,0.475,0.475,0.325,0.470588235294,0.411764705882,0.454545454545,0.655172413793,0.545454545455,0.653846153846,0.586956521739,0.458333333333,0.488888888889,0.512195121951,0.425,0.648648648649,0.275862068966,0.509433962264,0.5,0.522727272727,0.588235294118,0.45,0.45,0.463414634146,0.518518518519,0.542857142857,0.525,0.425,0.459459459459,0.45,0.450980392157,0.63829787234,0.56862745098,0.666666666667,0.434782608696,0.522727272727,0.538461538462,0.666666666667,0.452380952381,0.52380952381,0.529411764706,0.45652173913,0.4,0.441176470588,0.53488372093,0.454545454545,0.435897435897,0.681818181818,0.457142857143,0.38,0.434782608696,0.5,0.531914893617,0.466666666667,0.516666666667,0.454545454545,0.574074074074,0.65,0.542857142857,0.540540540541,0.5,0.487179487179,0.684210526316,0.491525423729,0.490196078431,0.480769230769,0.641025641026,0.585365853659,0.6,0.6,0.512195121951,0.458333333333,0.641025641026,0.488372093023,0.553191489362,0.560975609756,0.589285714286,0.447368421053,0.452830188679,0.404255319149,0.59375,0.485714285714,0.558823529412,0.636363636364,0.452830188679,0.491525423729,0.578947368421,0.424242424242,0.436363636364,0.522727272727,0.459459459459,0.52380952381,0.461538461538,0.513513513514,0.58064516129,0.413793103448,0.422222222222,0.608695652174,0.516129032258,0.543859649123,0.571428571429,0.518518518519,0.551724137931,0.590909090909,0.569230769231,0.523076923077,0.568181818182,0.659574468085,0.642857142857,0.459459459459,0.515151515152,0.724137931034,0.615384615385,0.511111111111,0.333333333333,0.439024390244,0.535714285714,0.466666666667,0.531914893617,0.4,0.472222222222,0.619047619048,0.46875,0.475,0.681818181818,0.511627906977,0.481481481481,0.413043478261,0.5,0.441860465116,0.627906976744,0.533333333333,0.6,0.5,0.340425531915,0.347826086957,0.224489795918,0.469387755102,0.533333333333,0.5,0.41935483871,0.489361702128,0.5,0.52380952381,0.477272727273,0.4375,0.475,0.451612903226,0.396551724138,0.65625,0.589743589744,0.466666666667,0.410256410256,0.5,0.311111111111,0.405405405405,0.44,0.647058823529,0.551724137931,0.558139534884,0.657894736842,0.555555555556,0.509090909091,0.557692307692,0.533333333333,0.62962962963,0.444444444444,0.433962264151,0.577777777778,0.578947368421,0.380952380952,0.46511627907,0.578947368421,0.421052631579,0.383333333333,0.487804878049,0.491525423729,0.5625,0.567567567568,0.5,0.564516129032,0.448979591837,0.564102564103,0.387755102041,0.484848484848,0.545454545455,0.448275862069,0.413043478261,0.604651162791